TC,LOC,SC,E,P,T,E/SC,P/SC,T/SC,E/(SC/Loc),P/(SC/Loc),T/(SC/Loc),AR,ET,MG,ST,UT,RA,DepT,MNT,CTL,EmT,GF,IgT,SE,VT,DT,RO,DA,EH,CI,RP,LT
org.apache.commons.dbcp2.datasources.TestCPDSConnectionFactory#testNullValidationQuery_Deprecated,10,5,165.455109,11.424192,14.569484,33.0910218,2.2848384,2.9138968,330.910218,22.848384,29.138968,0,1,0,0,1,0,0,0,0,0,0,0,0,0,0,0,0,1,0,0,2
org.apache.commons.dbcp2.datasources.TestKeyedCPDSConnectionFactory#testConnectionErrorCleanup,35,39,164.493988,11.417108,14.44257,4.217794564102564,0.29274635897435897,0.3703223076923077,147.62280974358973,10.246122564102564,12.961280769230768,16,1,0,0,0,0,0,13,0,0,0,0,0,1,0,0,5,1,0,0,2
org.apache.commons.dbcp2.TestBasicDataSource#testDefaultCatalog,20,20,169.315826,11.41949,14.791819,8.4657913,0.5709744999999999,0.73959095,169.315826,11.41949,14.791819,4,1,0,0,0,0,0,0,4,0,0,0,0,0,0,0,2,0,0,0,9
org.apache.commons.dbcp2.TestDelegatingResultSet#testGetDateString,8,3,184.462006,11.469365,16.16195,61.487335333333334,3.8231216666666668,5.387316666666667,491.8986826666667,30.584973333333334,43.098533333333336,0,0,0,0,1,0,0,0,0,0,0,0,0,0,0,0,0,1,0,0,1
org.apache.commons.dbcp2.TestDelegatingDatabaseMetaData#testGetMaxStatementLength,8,2,180.778122,11.468066,15.76361,90.389061,5.734033,7.881805,723.112488,45.872264,63.05444,0,0,0,0,1,0,0,0,0,0,0,0,0,0,0,0,0,1,0,0,0
org.apache.commons.dbcp2.TestDelegatingResultSet#testUpdateNClobStringNClob,8,3,182.898514,11.426262,15.992793,60.966171333333335,3.808754,5.3309310000000005,487.7293706666667,30.470032,42.647448000000004,0,0,0,0,1,0,0,0,0,0,0,0,0,0,0,0,0,1,0,0,1
org.apache.commons.dbcp2.TestDelegatingPreparedStatement#testSetAsciiStreamIntegerInputStreamLong,8,3,178.082855,11.462786,15.544637,59.360951666666665,3.8209286666666666,5.181545666666667,474.8876133333333,30.567429333333333,41.45236533333333,0,0,0,0,1,0,0,0,0,0,0,0,0,0,0,0,0,1,0,0,1
org.apache.commons.dbcp2.TestDelegatingResultSet#testUpdateBlobIntegerInputStreamLong,8,3,184.126312,11.46705,16.064584,61.37543733333334,3.82235,5.354861333333333,491.0034986666667,30.5788,42.838890666666664,0,0,0,0,1,0,0,0,0,0,0,0,0,0,0,0,0,1,0,0,1
org.apache.commons.dbcp2.TestDelegatingDatabaseMetaData#testGetMaxColumnsInOrderBy,8,2,182.678299,11.429368,15.983237,91.3391495,5.714684,7.9916185,730.713196,45.717472,63.932948,0,0,0,0,1,0,0,0,0,0,0,0,0,0,0,0,0,1,0,0,0
org.apache.commons.dbcp2.TestDelegatingCallableStatement#testGetBooleanInteger,8,3,181.735077,11.405657,15.958628,60.578359,3.8018856666666667,5.319542666666666,484.626872,30.415085333333334,42.55634133333333,0,0,0,0,1,0,0,0,0,0,0,0,0,0,0,0,0,1,0,0,1
org.apache.commons.dbcp2.datasources.TestPerUserPoolDataSource#testPerUserTestOnCreateMapNotInitializedMissingKey,7,5,166.849655,11.380876,14.660529,33.369931,2.2761752,2.9321058,233.589517,15.9332264,20.5247406,1,1,0,0,0,0,0,0,0,0,0,0,0,0,0,0,0,0,0,0,3
org.apache.commons.dbcp2.TestDelegatingCallableStatement#testGetObjectStringMap,8,3,181.239578,11.407157,15.912742,60.41319266666667,3.8023856666666664,5.3042473333333335,483.30554133333334,30.41908533333333,42.43397866666667,0,0,0,0,1,0,0,0,0,0,0,0,0,0,0,0,0,1,0,0,1
org.apache.commons.dbcp2.datasources.TestPerUserPoolDataSource#testPerUserTestOnBorrowMapInitialized,12,7,166.829208,11.446084,14.591562,23.832743999999998,1.6351548571428574,2.084508857142857,285.99292799999995,19.621858285714286,25.014106285714284,3,1,0,0,0,0,0,0,0,0,0,0,0,0,0,0,0,0,0,0,3
org.apache.commons.dbcp2.datasources.TestPerUserPoolDataSource#testPerUserMaxWaitDurationMapInitialized,12,7,171.153076,11.427804,14.853894,24.45043942857143,1.6325434285714286,2.121984857142857,293.40527314285714,19.590521142857142,25.463818285714286,3,1,0,0,0,0,0,0,0,0,0,0,0,0,0,0,0,0,0,0,3
org.apache.commons.dbcp2.TestDelegatingResultSet#testGetNCharacterStreamInteger,8,3,181.269302,11.402514,15.975346,60.42310066666667,3.800838,5.325115333333334,483.38480533333336,30.406704,42.60092266666667,0,0,0,0,1,0,0,0,0,0,0,0,0,0,0,0,0,1,0,0,1
org.apache.commons.dbcp2.datasources.TestPerUserPoolDataSource#testPerUserBlockWhenExhaustedMapNotInitialized,7,4,167.493713,11.43224,14.639446,41.87342825,2.85806,3.6598615,293.11399775000007,20.006420000000002,25.6190305,1,1,0,0,0,0,0,0,0,0,0,0,0,0,0,0,0,0,0,0,2
org.apache.commons.dbcp2.TestPoolingDriver#testLogWriter,40,2,170.393188,11.440448,14.855764,85.196594,5.720224,7.427882,3407.86376,228.80895999999998,297.11528,0,0,0,0,1,0,0,0,0,0,0,0,0,1,0,0,0,0,0,0,0
org.apache.commons.dbcp2.TestDelegatingCallableStatement#testGetShortString,8,3,184.284744,11.482855,16.048686,61.428247999999996,3.8276183333333336,5.349562,491.42598399999997,30.62094666666667,42.796496,0,0,0,0,1,0,0,0,0,0,0,0,0,0,0,0,0,1,0,0,1
org.apache.commons.dbcp2.TestDelegatingCallableStatement#testGetLongString,8,3,185.453079,11.473448,16.163675,61.817693,3.8244826666666665,5.387891666666667,494.541544,30.595861333333332,43.10313333333334,0,0,0,0,1,0,0,0,0,0,0,0,0,0,0,0,0,1,0,0,1
org.apache.commons.dbcp2.TestDelegatingResultSet#testUpdateShortIntegerShort,8,3,183.194336,11.418041,16.044288,61.06477866666666,3.806013666666667,5.348096000000001,488.5182293333333,30.448109333333335,42.78476800000001,0,0,0,0,1,0,0,0,0,0,0,0,0,0,0,0,0,1,0,0,1
org.apache.commons.dbcp2.TestDelegatingResultSet#testGetLongString,8,3,188.468689,11.530822,16.344774,62.82289633333334,3.8436073333333334,5.448258,502.5831706666667,30.748858666666667,43.586064,0,0,0,0,1,0,0,0,0,0,0,0,0,0,0,0,0,1,0,0,1
org.apache.commons.dbcp2.TestDelegatingResultSet#testUpdateArrayIntegerArray,8,3,184.761581,11.429398,16.162848,61.58719366666667,3.8097993333333338,5.387616,492.69754933333337,30.47839466666667,43.100928,0,0,0,0,1,0,0,0,0,0,0,0,0,0,0,0,0,1,0,0,1
org.apache.commons.dbcp2.TestDelegatingCallableStatement#testGetURLString,8,3,188.859573,11.528774,16.381584,62.953191000000004,3.8429246666666668,5.460528,503.62552800000003,30.743397333333334,43.684224,0,0,0,0,1,0,0,0,0,0,0,0,0,0,0,0,0,1,0,0,1
org.apache.commons.dbcp2.datasources.TestPerUserPoolDataSource#testPerUserMaxWaitMillisWithUserMapInitialized_Deprecated,8,7,170.340347,11.439381,14.890697,24.334335285714285,1.6341972857142857,2.1272424285714284,194.67468228571428,13.073578285714285,17.017939428571427,3,1,0,0,0,0,0,0,0,0,0,0,0,0,0,0,1,0,0,0,2
org.apache.commons.dbcp2.TestDelegatingResultSet#testUpdateNClobIntegerNClob,8,3,182.91655,11.457418,15.948792,60.972183333333334,3.8191393333333337,5.316263999999999,487.77746666666667,30.55311466666667,42.530111999999995,0,0,0,0,1,0,0,0,0,0,0,0,0,0,0,0,0,1,0,0,1
org.apache.commons.dbcp2.TestPStmtKey#testCtorDifferentCatalog,16,30,163.156097,11.438335,14.284737,5.4385365666666665,0.38127783333333337,0.47615789999999997,87.01658506666666,6.100445333333334,7.6185263999999995,14,0,0,0,0,0,0,14,0,0,0,0,0,1,0,0,0,0,0,0,1
org.apache.commons.dbcp2.datasources.TestPerUserPoolDataSource#testPerUserDefaultTransactionIsolationWithUserMapNotInitializedMissingKey,5,4,169.183029,11.468057,14.756581,42.29575725,2.86701425,3.68914525,211.47878624999998,14.335071249999999,18.44572625,1,1,0,0,0,0,0,0,0,0,0,0,0,0,0,0,0,0,0,0,2
org.apache.commons.dbcp2.datasources.TestPerUserPoolDataSource#testPerUserTestOnCreateWithUserMapNotInitialized,5,4,167.4935,11.393478,14.662528,41.873375,2.8483695,3.665632,209.366875,14.241847499999999,18.32816,1,1,0,0,0,0,0,0,0,0,0,0,0,0,0,0,0,0,0,0,2
org.apache.commons.dbcp2.TestDelegatingCallableStatement#testGetFloatInteger,8,3,182.438843,11.389591,16.046529,60.812947666666666,3.796530333333333,5.348843,486.50358133333333,30.372242666666665,42.790744,0,0,0,0,1,0,0,0,0,0,0,0,0,0,0,0,0,1,0,0,1
org.apache.commons.dbcp2.TestDelegatingDatabaseMetaData#testGetMaxIndexLength,8,2,177.664276,11.394058,15.592712,88.832138,5.697029,7.796356,710.657104,45.576232,62.370848,0,0,0,0,1,0,0,0,0,0,0,0,0,0,0,0,0,1,0,0,0
org.apache.commons.dbcp2.datasources.TestPerUserPoolDataSource#testPerUserDefaultReadOnlyWithUserMapInitialized,8,7,169.585815,11.389322,14.82678,24.226544999999998,1.627046,2.1181114285714284,193.81235999999998,13.016368,16.944891428571427,3,1,0,0,0,0,0,0,0,0,0,0,0,0,0,0,1,0,0,0,2
org.apache.commons.dbcp2.datasources.TestPerUserPoolDataSource#testSimple,12,5,171.077835,11.406554,15.057036,34.215567,2.2813108,3.0114072,410.586804,27.3757296,36.1368864,4,0,0,0,0,0,0,0,0,0,0,0,0,0,0,0,0,0,0,0,1
org.apache.commons.dbcp2.TestDelegatingCallableStatement#testSetClobStringReader,8,3,181.418762,11.408342,15.834656,60.47292066666666,3.8027806666666666,5.278218666666667,483.7833653333333,30.422245333333333,42.22574933333333,0,0,0,0,1,0,0,0,0,0,0,0,0,0,0,0,0,1,0,0,1
org.apache.commons.dbcp2.TestDelegatingDatabaseMetaData#testGetMaxColumnsInGroupBy,8,2,179.983475,11.394124,15.73981,89.9917375,5.697062,7.869905,719.9339,45.576496,62.95924,0,0,0,0,1,0,0,0,0,0,0,0,0,0,0,0,0,1,0,0,0
org.apache.commons.dbcp2.datasources.TestPerUserPoolDataSource#testPerUserLifoMapNotInitializedMissingKey,7,5,168.522217,11.452124,14.719046,33.7044434,2.2904248,2.9438092,235.93110380000002,16.0329736,20.6066644,1,1,0,0,0,0,0,0,0,0,0,0,0,0,0,0,0,0,0,0,3
org.apache.commons.dbcp2.TestDelegatingCallableStatement#testSetShortStringShort,8,2,186.271317,11.467871,16.286716,93.1356585,5.7339355,8.143358,745.085268,45.871484,65.146864,0,0,0,0,1,0,0,0,0,0,0,0,0,0,0,0,0,1,0,0,0
org.apache.commons.dbcp2.TestDelegatingResultSet#testGetMetaData,8,2,187.801117,11.473053,16.282783,93.9005585,5.7365265,8.1413915,751.204468,45.892212,65.131132,0,0,0,0,1,0,0,0,0,0,0,0,0,0,0,0,0,1,0,0,0
org.apache.commons.dbcp2.TestBasicDataSource#testValidationQueryTimeoutZero,7,15,172.839294,11.432776,15.1581,11.5226196,0.7621850666666667,1.01054,80.6583372,5.335295466666667,7.07378,0,1,0,0,1,0,0,0,0,0,0,0,0,0,0,0,0,1,0,0,12
org.apache.commons.dbcp2.TestDelegatingCallableStatement#testSetObjectStringObject,8,3,184.995743,11.421567,16.197055,61.665247666666666,3.8071889999999997,5.399018333333333,493.3219813333333,30.457511999999998,43.192146666666666,0,0,0,0,1,0,0,0,0,0,0,0,0,0,0,0,0,1,0,0,1
org.apache.commons.dbcp2.TestDelegatingDatabaseMetaData#testGetDefaultTransactionIsolation,8,2,173.889633,11.421674,15.277309,86.9448165,5.710837,7.6386545,695.558532,45.686696,61.109236,0,0,0,0,1,0,0,0,0,0,0,0,0,0,0,0,0,1,0,0,0
org.apache.commons.dbcp2.TestDelegatingDatabaseMetaData#testAllTablesAreSelectable,8,2,176.977676,11.428321,15.46364,88.488838,5.7141605,7.73182,707.910704,45.713284,61.85456,0,0,0,0,1,0,0,0,0,0,0,0,0,0,0,0,0,1,0,0,0
org.apache.commons.dbcp2.TestDelegatingDatabaseMetaData#testGetSchemaTerm,8,2,186.100174,11.45348,16.281916,93.050087,5.72674,8.140958,744.400696,45.81392,65.127664,0,0,0,0,1,0,0,0,0,0,0,0,0,0,0,0,0,1,0,0,0
org.apache.commons.dbcp2.TestDelegatingCallableStatement#testGetTimeIntegerCalendar,8,3,184.357468,11.423747,16.163785,61.45248933333334,3.8079156666666667,5.387928333333334,491.6199146666667,30.463325333333334,43.10342666666667,0,0,0,0,1,0,0,0,0,0,0,0,0,0,0,0,0,1,0,0,1
org.apache.commons.dbcp2.TestDelegatingDatabaseMetaData#testSupportsColumnAliasing,8,2,181.664856,11.421808,15.917639,90.832428,5.710904,7.9588195,726.659424,45.687232,63.670556,0,0,0,0,1,0,0,0,0,0,0,0,0,0,0,0,0,1,0,0,0
org.apache.commons.dbcp2.TestDelegatingResultSet#testGetBlobInteger,8,3,186.005203,11.45891,16.271639,62.00173433333333,3.8196366666666663,5.423879666666667,496.01387466666665,30.55709333333333,43.39103733333334,0,0,0,0,1,0,0,0,0,0,0,0,0,0,0,0,0,1,0,0,1
org.apache.commons.dbcp2.datasources.TestCPDSConnectionFactory#testSharedPoolDSDestroyOnReturn,18,10,165.075027,11.406569,14.471926,16.5075027,1.1406569,1.4471926,297.1350486,20.5318242,26.049466799999998,4,0,0,0,0,0,0,4,0,0,0,0,0,0,0,0,1,1,0,0,0
org.apache.commons.dbcp2.datasources.TestPerUserPoolDataSource#testSerialization,14,5,174.410477,11.402394,15.171027,34.8820954,2.2804788,3.0342054000000003,488.34933559999996,31.9267032,42.4788756,1,1,0,0,0,0,0,1,0,0,0,0,0,0,0,0,0,0,0,0,2
org.apache.commons.dbcp2.TestBasicDataSourceMXBean#testMXBeanCompliance,9,2,162.706543,11.388993,14.286298,81.3532715,5.6944965,7.143149,732.1794435,51.2504685,64.288341,1,0,0,0,0,0,0,0,0,0,0,0,0,0,0,0,0,1,0,0,0
org.apache.commons.dbcp2.TestDelegatingCallableStatement#testGetTimestampStringCalendar,8,3,180.835007,11.411249,15.847083,60.27833566666666,3.8037496666666666,5.282361,482.2266853333333,30.429997333333333,42.258888,0,0,0,0,1,0,0,0,0,0,0,0,0,0,0,0,0,1,0,0,1
org.apache.commons.dbcp2.TestDelegatingPreparedStatement#testExecute,8,2,180.833344,11.45875,15.781245,90.416672,5.729375,7.8906225,723.333376,45.835,63.12498,0,0,0,0,1,0,0,0,0,0,0,0,0,0,0,0,0,1,0,0,0
org.apache.commons.dbcp2.TestDelegatingDatabaseMetaData#testGetPseudoColumnsStringStringStringString,8,2,180.594101,11.41938,15.764529,90.2970505,5.70969,7.8822645,722.376404,45.67752,63.058116,0,0,0,0,1,0,0,0,0,0,0,0,0,0,0,0,0,1,0,0,0
org.apache.commons.dbcp2.TestDelegatingResultSet#testIsAfterLast,8,2,188.279007,11.505097,16.364834,94.1395035,5.7525485,8.182417,753.116028,46.020388,65.459336,0,0,0,0,1,0,0,0,0,0,0,0,0,0,0,0,0,1,0,0,0
org.apache.commons.dbcp2.TestDelegatingDatabaseMetaData#testStoresLowerCaseQuotedIdentifiers,8,2,183.358887,11.44856,16.064683,91.6794435,5.72428,8.0323415,733.435548,45.79424,64.258732,0,0,0,0,1,0,0,0,0,0,0,0,0,0,0,0,0,1,0,0,0
org.apache.commons.dbcp2.TestDelegatingDatabaseMetaData#testSupportsSchemasInDataManipulation,8,2,177.323746,11.457281,15.476948,88.661873,5.7286405,7.738474,709.294984,45.829124,61.907792,0,0,0,0,1,0,0,0,0,0,0,0,0,0,0,0,0,1,0,0,0
org.apache.commons.dbcp2.TestDelegatingResultSet#testGetFloatInteger,8,3,185.188217,11.443856,16.182327,61.72940566666667,3.8146186666666666,5.394109,493.8352453333334,30.516949333333333,43.152872,0,0,0,0,1,0,0,0,0,0,0,0,0,0,0,0,0,1,0,0,1
org.apache.commons.dbcp2.TestBasicDataSource#testPropertyTestOnReturn,11,32,170.353348,11.416194,14.887671,5.323542125,0.3567560625,0.46523971875,58.558963375000005,3.9243166875,5.11763690625,4,1,0,0,0,0,0,0,0,0,0,0,0,0,0,0,0,0,0,0,27
org.apache.commons.dbcp2.TestDelegatingDatabaseMetaData#testGetUserName,8,2,173.60434,11.389476,15.260031,86.80217,5.694738,7.6300155,694.41736,45.557904,61.040124,0,0,0,0,1,0,0,0,0,0,0,0,0,0,0,0,0,1,0,0,0
org.apache.commons.dbcp2.TestDelegatingPreparedStatement#testSetClobIntegerClob,8,3,170.725998,11.361227,14.960987,56.908666000000004,3.7870756666666665,4.986995666666666,455.26932800000003,30.296605333333332,39.89596533333333,0,0,0,0,1,0,0,0,0,0,0,0,0,0,0,0,0,1,0,0,1
org.apache.commons.dbcp2.TestDelegatingCallableStatement#testSetNCharacterStreamStringReader,8,3,184.082397,11.423693,16.147003,61.36079899999999,3.807897666666667,5.3823343333333336,490.88639199999994,30.463181333333335,43.05867466666667,0,0,0,0,1,0,0,0,0,0,0,0,0,0,0,0,0,1,0,0,1
org.apache.commons.dbcp2.TestDelegatingDatabaseMetaData#testGetResultSetHoldability,8,2,185.648987,11.487246,16.161314,92.8244935,5.743623,8.080657,742.595948,45.948984,64.645256,0,0,0,0,1,0,0,0,0,0,0,0,0,0,0,0,0,1,0,0,0
org.apache.commons.dbcp2.datasources.TestPerUserPoolDataSource#testPerUserMinIdleWithUserMapInitialized,8,7,171.575745,11.453856,14.941753,24.510820714285718,1.6362651428571429,2.1345361428571428,196.08656571428574,13.090121142857143,17.076289142857142,3,1,0,0,0,0,0,0,0,0,0,0,0,0,0,0,1,0,0,0,2
org.apache.commons.dbcp2.TestDelegatingCallableStatement#testSetNStringStringString,8,2,183.96582,11.469892,15.986312,91.98291,5.734946,7.993156,735.86328,45.879568,63.945248,0,0,0,0,1,0,0,0,0,0,0,0,0,0,0,0,0,1,0,0,0
org.apache.commons.dbcp2.TestDelegatingDatabaseMetaData#testGetSearchStringEscape,8,2,181.762833,11.423727,15.889771,90.8814165,5.7118635,7.9448855,727.051332,45.694908,63.559084,0,0,0,0,1,0,0,0,0,0,0,0,0,0,0,0,0,1,0,0,0
org.apache.commons.dbcp2.TestDelegatingDatabaseMetaData#testStoresUpperCaseQuotedIdentifiers,8,2,181.537445,11.420379,15.862049,90.7687225,5.7101895,7.9310245,726.14978,45.681516,63.448196,0,0,0,0,1,0,0,0,0,0,0,0,0,0,0,0,0,1,0,0,0
org.apache.commons.dbcp2.TestDelegatingPreparedStatement#testExecuteQueryReturnsNull,5,4,179.130493,11.437224,15.66206,44.78262325,2.859306,3.915515,223.91311625,14.29653,19.577575,1,1,0,0,0,0,0,0,0,0,0,0,0,0,0,0,0,0,0,0,2
org.apache.commons.dbcp2.TestDelegatingResultSet#testGetURLString,8,3,181.420654,11.442818,15.877289,60.47355133333334,3.814272666666667,5.292429666666666,483.7884106666667,30.514181333333337,42.33943733333333,0,0,0,0,1,0,0,0,0,0,0,0,0,0,0,0,0,1,0,0,1
org.apache.commons.dbcp2.TestDelegatingResultSet#testUpdateBinaryStreamStringInputStreamInteger,8,3,185.121857,11.465969,16.081082,61.70728566666667,3.8219896666666666,5.360360666666666,493.65828533333337,30.575917333333333,42.88288533333333,0,0,0,0,1,0,0,0,0,0,0,0,0,0,0,0,0,1,0,0,1
org.apache.commons.dbcp2.TestDelegatingResultSet#testUpdateBytesIntegerByteArray,8,3,186.968796,11.436911,16.346129,62.322932,3.8123036666666668,5.448709666666667,498.583456,30.498429333333334,43.589677333333334,0,0,0,0,1,0,0,0,0,0,0,0,0,0,0,0,0,1,0,0,1
org.apache.commons.dbcp2.TestDelegatingResultSet#testGetBooleanInteger,8,3,181.634323,11.441189,15.946999,60.54477433333333,3.8137296666666667,5.315666333333334,484.35819466666663,30.509837333333333,42.52533066666667,0,0,0,0,1,0,0,0,0,0,0,0,0,0,0,0,0,1,0,0,1
org.apache.commons.dbcp2.TestDelegatingCallableStatement#testGetNCharacterStreamString,8,3,187.746246,11.470029,16.350186,62.58208200000001,3.823343,5.450062,500.65665600000005,30.586744,43.600496,0,0,0,0,1,0,0,0,0,0,0,0,0,0,0,0,0,1,0,0,1
org.apache.commons.dbcp2.TestDelegatingResultSet#testUpdateCharacterStreamIntegerReader,8,3,184.978729,11.455922,16.147681,61.65957633333333,3.8186406666666666,5.382560333333333,493.2766106666666,30.549125333333333,43.060482666666665,0,0,0,0,1,0,0,0,0,0,0,0,0,0,0,0,0,1,0,0,1
org.apache.commons.dbcp2.TestPoolingDataSource#testClose,20,10,167.657486,11.398152,14.70646,16.765748600000002,1.1398152,1.470646,335.314972,22.796304,29.41292,4,1,0,0,0,0,0,2,0,0,0,0,0,0,0,0,0,1,0,0,2
org.apache.commons.dbcp2.TestDelegatingDatabaseMetaData#testGetMaxProcedureNameLength,8,2,181.543976,11.42805,15.885823,90.771988,5.714025,7.9429115,726.175904,45.7122,63.543292,0,0,0,0,1,0,0,0,0,0,0,0,0,0,0,0,0,1,0,0,0
org.apache.commons.dbcp2.TestDelegatingPreparedStatement#testAddBatch,8,2,179.42543,11.457589,15.679404,89.712715,5.7287945,7.839702,717.70172,45.830356,62.717616,0,0,0,0,1,0,0,0,0,0,0,0,0,0,0,0,0,1,0,0,0
org.apache.commons.dbcp2.TestDelegatingCallableStatement#testGetNStringString,8,3,186.74823,11.431473,16.364766,62.249410000000005,3.8104910000000003,5.454922,497.99528000000004,30.483928000000002,43.639376,0,0,0,0,1,0,0,0,0,0,0,0,0,0,0,0,0,1,0,0,1
org.apache.commons.dbcp2.datasources.TestPerUserPoolDataSource#testPerUserLifoMapInitialized,12,7,167.818726,11.413267,14.739424,23.974103714285715,1.630466714285714,2.105632,287.68924457142856,19.56560057142857,25.267584,3,1,0,0,0,0,0,0,0,0,0,0,0,0,0,0,0,0,0,0,3
org.apache.commons.dbcp2.TestDelegatingCallableStatement#testSetCharacterStreamStringReaderLong,8,3,181.409225,11.420095,15.885089,60.469741666666664,3.8066983333333333,5.295029666666667,483.7579333333333,30.453586666666666,42.36023733333334,0,0,0,0,1,0,0,0,0,0,0,0,0,0,0,0,0,1,0,0,1
org.apache.commons.dbcp2.TestDelegatingDatabaseMetaData#testGetSuperTypesStringStringString,8,2,180.351944,11.418146,15.795204,90.175972,5.709073,7.897602,721.407776,45.672584,63.180816,0,0,0,0,1,0,0,0,0,0,0,0,0,0,0,0,0,1,0,0,0
org.apache.commons.dbcp2.TestDelegatingResultSet#testGetByteString,8,3,185.2379,11.471523,16.163744,61.74596666666667,3.823841,5.387914666666667,493.96773333333334,30.590728,43.10331733333334,0,0,0,0,1,0,0,0,0,0,0,0,0,0,0,0,0,1,0,0,1
org.apache.commons.dbcp2.datasources.TestPerUserPoolDataSource#testPerUserDefaultAutoCommitWithUserMapInitialized,8,7,169.07663,11.428853,14.824533,24.153804285714283,1.6326932857142857,2.117790428571429,193.23043428571427,13.061546285714286,16.94232342857143,3,1,0,0,0,0,0,0,0,0,0,0,0,0,0,0,1,0,0,0,2
org.apache.commons.dbcp2.TestDelegatingCallableStatement#testSetByteStringByte,8,2,186.604507,11.4616,16.280843,93.3022535,5.7308,8.1404215,746.418028,45.8464,65.123372,0,0,0,0,1,0,0,0,0,0,0,0,0,0,0,0,0,1,0,0,0
org.apache.commons.dbcp2.TestBasicDataSource#testSetValidationTestProperties,17,31,166.428314,11.446668,14.558298,5.368655290322581,0.3692473548387097,0.4696225161290323,91.26713993548387,6.277205032258065,7.983582774193549,9,1,0,0,0,0,0,0,0,0,0,0,0,0,0,0,3,0,0,0,18
org.apache.commons.dbcp2.TestDelegatingDatabaseMetaData#testGetCatalogs,8,2,178.546188,11.404394,15.655911,89.273094,5.702197,7.8279555,714.184752,45.617576,62.623644,0,0,0,0,1,0,0,0,0,0,0,0,0,0,0,0,0,1,0,0,0
org.apache.commons.dbcp2.TestDelegatingPreparedStatement#testSetAsciiStreamIntegerInputStream,8,3,177.450073,11.400522,15.565083,59.150024333333334,3.800174,5.188361,473.2001946666667,30.401392,41.506888,0,0,0,0,1,0,0,0,0,0,0,0,0,0,0,0,0,1,0,0,1
org.apache.commons.dbcp2.TestDelegatingResultSet#testUpdateDateIntegerSqlDate,8,3,182.911377,11.455586,15.945873,60.970459,3.818528666666667,5.315291,487.763672,30.548229333333335,42.522328,0,0,0,0,1,0,0,0,0,0,0,0,0,0,0,0,0,1,0,0,1
org.apache.commons.dbcp2.TestBasicDataSource#testCreateConnectionFactory,25,10,166.708633,11.36783,14.539806,16.6708633,1.1367829999999999,1.4539806,416.77158249999997,28.419575,36.349515,2,1,0,0,0,0,0,0,0,0,0,0,0,0,0,0,1,0,0,0,6
org.apache.commons.dbcp2.TestDelegatingPreparedStatement#testExecuteUpdate,8,2,174.57634,11.375362,15.375476,87.28817,5.687681,7.687738,698.30536,45.501448,61.501904,0,0,0,0,1,0,0,0,0,0,0,0,0,0,0,0,0,1,0,0,0
org.apache.commons.dbcp2.datasources.TestPerUserPoolDataSource#testPerUserDefaultReadOnlyWithUserMapNotInitialized,5,4,168.222214,11.404721,14.757014,42.0555535,2.85118025,3.6892535,210.2777675,14.255901249999999,18.446267499999998,1,1,0,0,0,0,0,0,0,0,0,0,0,0,0,0,0,0,0,0,2
org.apache.commons.dbcp2.TestDelegatingCallableStatement#testSetFloatStringFloat,8,2,183.142578,11.442802,15.897328,91.571289,5.721401,7.948664,732.570312,45.771208,63.589312,0,0,0,0,1,0,0,0,0,0,0,0,0,0,0,0,0,1,0,0,0
org.apache.commons.dbcp2.TestDelegatingDatabaseMetaData#testGetMaxUserNameLength,8,2,185.318817,11.4437,16.149009,92.6594085,5.72185,8.0745045,741.275268,45.7748,64.596036,0,0,0,0,1,0,0,0,0,0,0,0,0,0,0,0,0,1,0,0,0
org.apache.commons.dbcp2.TestDelegatingDatabaseMetaData#testSupportsPositionedUpdate,8,2,182.654602,11.419325,15.995218,91.327301,5.7096625,7.997609,730.618408,45.6773,63.980872,0,0,0,0,1,0,0,0,0,0,0,0,0,0,0,0,0,1,0,0,0
org.apache.commons.dbcp2.TestDelegatingDatabaseMetaData#testGetDelegate,3,1,176.242386,11.444936,15.341829,176.242386,11.444936,15.341829,528.727158,34.334808,46.025487000000005,1,0,0,0,0,0,0,0,0,0,0,0,0,0,0,0,0,0,0,0,0
org.apache.commons.dbcp2.TestPStmtKey#testCtorStringStringArrayOfStrings,8,5,164.121704,11.420698,14.370549,32.8243408,2.2841396,2.8741098000000003,262.5947264,18.2731168,22.992878400000002,2,1,0,0,0,0,0,0,0,0,0,0,0,0,0,0,0,0,0,0,2
org.apache.commons.dbcp2.TestPoolingConnection#testPrepareCallWithResultSetHoldability,13,6,160.349319,11.369507,14.080851,26.7248865,1.8949178333333334,2.3468085,347.4235245,24.63393183333333,30.508510499999996,4,0,0,0,0,0,0,0,0,0,0,0,0,0,0,0,0,1,0,0,1
org.apache.commons.dbcp2.TestDelegatingResultSet#testClearWarnings,8,2,182.939285,11.437322,15.982247,91.4696425,5.718661,7.9911235,731.75714,45.749288,63.928988,0,0,0,0,1,0,0,0,0,0,0,0,0,0,0,0,0,1,0,0,0
org.apache.commons.dbcp2.TestDelegatingDatabaseMetaData#testGetPrimaryKeysStringStringString,8,2,182.410599,11.438244,15.94743,91.2052995,5.719122,7.973715,729.642396,45.752976,63.78972,0,0,0,0,1,0,0,0,0,0,0,0,0,0,0,0,0,1,0,0,0
org.apache.commons.dbcp2.datasources.TestPerUserPoolDataSource#testPerUserMaxIdleMapNotInitialized,7,4,170.246002,11.461584,14.85241,42.5615005,2.865396,3.7131025,297.93050350000004,20.057772,25.991717500000004,1,1,0,0,0,0,0,0,0,0,0,0,0,0,0,0,0,0,0,0,2
org.apache.commons.dbcp2.datasources.TestPerUserPoolDataSource#testPerUserMinEvictableIdleTimeMillisWithUserMapNotInitialized,5,4,168.959778,11.395165,14.740619,42.2399445,2.84879125,3.68515475,211.19972249999998,14.24395625,18.42577375,1,1,0,0,0,0,0,0,0,0,0,0,0,0,0,0,0,0,0,0,2
org.apache.commons.dbcp2.TestDelegatingDatabaseMetaData#testSupportsSelectForUpdate,8,2,185.013672,11.476721,16.163744,92.506836,5.7383605,8.081872,740.054688,45.906884,64.654976,0,0,0,0,1,0,0,0,0,0,0,0,0,0,0,0,0,1,0,0,0
org.apache.commons.dbcp2.TestDelegatingResultSet#testUpdateNCharacterStreamStringReaderLong,8,3,183.562088,11.403196,16.097424,61.187362666666665,3.8010653333333333,5.365808,489.4989013333333,30.408522666666666,42.926464,0,0,0,0,1,0,0,0,0,0,0,0,0,0,0,0,0,1,0,0,1
org.apache.commons.dbcp2.TestDelegatingPreparedStatement#testSetDateIntegerSqlDateCalendar,8,3,179.698669,11.416034,15.754001,59.89955633333333,3.8053446666666666,5.251333666666667,479.19645066666664,30.442757333333333,42.01066933333333,0,0,0,0,1,0,0,0,0,0,0,0,0,0,0,0,0,1,0,0,1
org.apache.commons.dbcp2.TestDelegatingCallableStatement#testSetNClobStringNClob,8,3,178.19458,11.436034,15.581851,59.39819333333333,3.812011333333333,5.1939503333333334,475.18554666666665,30.496090666666664,41.55160266666667,0,0,0,0,1,0,0,0,0,0,0,0,0,0,0,0,0,1,0,0,1
org.apache.commons.dbcp2.datasources.TestPerUserPoolDataSource#testPerUserDefaultTransactionIsolationWithUserMapNotInitialized,5,4,170.451447,11.446189,14.87389,42.61286175,2.86154725,3.7184725,213.06430874999998,14.30773625,18.592362499999997,1,1,0,0,0,0,0,0,0,0,0,0,0,0,0,0,0,0,0,0,2
org.apache.commons.dbcp2.TestDelegatingDatabaseMetaData#testSupportsAlterTableWithAddColumn,8,2,188.310867,11.458997,16.433451,94.1554335,5.7294985,8.2167255,753.243468,45.835988,65.733804,0,0,0,0,1,0,0,0,0,0,0,0,0,0,0,0,0,1,0,0,0
org.apache.commons.dbcp2.managed.TestBasicManagedDataSource#testCreateXaDataSourceNewInstance,8,7,166.190842,11.396114,14.575425,23.741548857142856,1.628016285714286,2.0822035714285714,189.93239085714285,13.024130285714287,16.65762857142857,1,1,0,0,0,0,0,0,0,0,0,0,0,0,0,0,0,1,0,0,4
org.apache.commons.dbcp2.TestDelegatingResultSet#testMoveToCurrentRow,8,2,186.879089,11.464876,16.275214,93.4395445,5.732438,8.137607,747.516356,45.859504,65.100856,0,0,0,0,1,0,0,0,0,0,0,0,0,0,0,0,0,1,0,0,0
org.apache.commons.dbcp2.TestDelegatingCallableStatement#testGetCharacterStreamInteger,8,3,188.069534,11.49064,16.367194,62.689844666666666,3.8302133333333335,5.4557313333333335,501.5187573333333,30.641706666666668,43.64585066666667,0,0,0,0,1,0,0,0,0,0,0,0,0,0,0,0,0,1,0,0,1
org.apache.commons.dbcp2.TestPoolingDataSource#testPoolGuardConnectionWrapperEqualInnermost,11,6,168.494186,11.423695,14.762807,28.082364333333334,1.9039491666666668,2.4604678333333334,308.9060076666667,20.943440833333337,27.06514616666667,4,1,0,0,0,0,0,0,0,0,0,0,0,0,0,0,0,0,0,0,1
org.apache.commons.dbcp2.TestBasicDataSourceFactory#testNoProperties,6,3,164.478928,11.478158,14.319517,54.826309333333334,3.826052666666667,4.773172333333333,328.957856,22.956316,28.639034,1,0,0,0,0,0,0,0,0,0,0,0,0,0,0,0,0,1,0,0,1
org.apache.commons.dbcp2.TestDelegatingDatabaseMetaData#testGetDriverName,8,2,183.825455,11.458699,16.084723,91.9127275,5.7293495,8.0423615,735.30182,45.834796,64.338892,0,0,0,0,1,0,0,0,0,0,0,0,0,0,0,0,0,1,0,0,0
org.apache.commons.dbcp2.TestDelegatingDatabaseMetaData#testGetMaxBinaryLiteralLength,8,2,180.922424,11.435606,15.865188,90.461212,5.717803,7.932594,723.689696,45.742424,63.460752,0,0,0,0,1,0,0,0,0,0,0,0,0,0,0,0,0,1,0,0,0
org.apache.commons.dbcp2.TestDelegatingCallableStatement#testGetTimestampInteger,8,3,183.201248,11.441691,16.008198,61.067082666666664,3.8138970000000003,5.336066,488.5366613333333,30.511176000000003,42.688528,0,0,0,0,1,0,0,0,0,0,0,0,0,0,0,0,0,1,0,0,1
org.apache.commons.dbcp2.datasources.TestPerUserPoolDataSource#testSimpleWithUsername,12,5,169.36998,11.413549,14.861577,33.873996,2.2827098,2.9723154000000003,406.48795199999995,27.392517599999998,35.6677848,4,0,0,0,0,0,0,0,0,0,0,0,0,0,0,0,0,0,0,0,1
org.apache.commons.dbcp2.managed.TestBasicManagedDataSource#testXADataSource,6,4,167.259705,11.412455,14.670793,41.81492625,2.85311375,3.66769825,250.8895575,17.118682500000002,22.0061895,1,1,0,0,0,0,0,0,0,0,0,0,0,0,0,0,0,1,0,0,1
org.apache.commons.dbcp2.TestBasicDataSource#testNoAccessToUnderlyingConnectionAllowed,8,11,169.806137,11.443604,14.838519,15.436921545454545,1.0403276363636365,1.3489562727272728,123.49537236363636,8.322621090909092,10.791650181818182,3,1,0,0,0,0,0,0,0,0,0,0,0,0,0,0,1,0,0,0,6
org.apache.commons.dbcp2.TestDelegatingResultSet#testFirst,8,2,180.48465,11.364635,15.860691,90.242325,5.6823175,7.9303455,721.9386,45.45854,63.442764,0,0,0,0,1,0,0,0,0,0,0,0,0,0,0,0,0,1,0,0,0
org.apache.commons.dbcp2.TestDelegatingDatabaseMetaData#testGetMaxTableNameLength,8,2,185.098389,11.480006,16.110708,92.5491945,5.740003,8.055354,740.393556,45.920024,64.442832,0,0,0,0,1,0,0,0,0,0,0,0,0,0,0,0,0,1,0,0,0
org.apache.commons.dbcp2.datasources.CharArrayTest#testGet,3,2,162.44812,11.378864,14.260417,81.22406,5.689432,7.1302085,243.67218,17.068296,21.390625500000002,1,0,0,0,0,0,0,0,0,0,0,0,0,0,0,0,0,0,0,0,1
org.apache.commons.dbcp2.datasources.TestPerUserPoolDataSource#testPerUserTestOnBorrowMapNotInitialized,7,4,168.337555,11.440397,14.74978,42.08438875,2.86009925,3.687445,294.59072125000006,20.020694750000004,25.812115000000002,1,1,0,0,0,0,0,0,0,0,0,0,0,0,0,0,0,0,0,0,2
org.apache.commons.dbcp2.TestDelegatingResultSet#testClose,8,2,186.250961,11.463709,16.282635,93.1254805,5.7318545,8.1413175,745.003844,45.854836,65.13054,0,0,0,0,1,0,0,0,0,0,0,0,0,0,0,0,0,1,0,0,0
org.apache.commons.dbcp2.datasources.TestPerUserPoolDataSource#testMaxTotal,15,5,170.075317,11.376011,14.955564,34.0150634,2.2752022,2.9911128000000002,510.22595100000007,34.128033,44.86669200000001,1,0,0,0,0,0,0,0,2,0,0,0,0,0,0,0,0,1,0,0,1
org.apache.commons.dbcp2.TestPoolingConnection#testPrepareStatement,7,3,169.208252,11.409808,14.858146,56.40275066666666,3.803269333333333,4.952715333333333,394.81925466666667,26.622885333333336,34.66900733333333,1,0,0,0,0,0,0,0,0,0,0,0,0,0,0,0,0,1,0,0,1
org.apache.commons.dbcp2.datasources.TestPerUserPoolDataSource#testPerUserTimeBetweenEvictionRunsMillisWithUserMapNotInitialized,5,4,169.892654,11.425794,14.785679,42.4731635,2.8564485,3.69641975,212.3658175,14.282242499999999,18.48209875,1,1,0,0,0,0,0,0,0,0,0,0,0,0,0,0,0,0,0,0,2
org.apache.commons.dbcp2.TestDelegatingDatabaseMetaData#testNullPlusNonNullIsNull,8,2,180.55307,11.435986,15.84269,90.276535,5.717993,7.921345,722.21228,45.743944,63.37076,0,0,0,0,1,0,0,0,0,0,0,0,0,0,0,0,0,1,0,0,0
org.apache.commons.dbcp2.TestDelegatingResultSet#testUpdateAsciiStreamIntegerInputStreamInteger,8,3,185.389267,11.483019,16.162137,61.79642233333333,3.8276730000000003,5.387379,494.37137866666666,30.621384000000003,43.099032,0,0,0,0,1,0,0,0,0,0,0,0,0,0,0,0,0,1,0,0,1
org.apache.commons.dbcp2.TestDelegatingResultSet#testUpdateClobIntegerReaderLong,8,3,182.25972,11.417164,15.918403,60.75324,3.805721333333333,5.3061343333333335,486.02592,30.445770666666665,42.44907466666667,0,0,0,0,1,0,0,0,0,0,0,0,0,0,0,0,0,1,0,0,1
org.apache.commons.dbcp2.TestDelegatingPreparedStatement#testSetObjectIntegerObjectSQLTypeInteger,8,3,175.924774,11.434684,15.345446,58.64159133333334,3.8115613333333336,5.115148666666667,469.1327306666667,30.49249066666667,40.92118933333334,0,0,0,0,1,0,0,0,0,0,0,0,0,0,0,0,0,1,0,0,1
org.apache.commons.dbcp2.TestDelegatingCallableStatement#testGetBlobString,8,3,176.054565,11.458921,15.35457,58.684855,3.8196403333333335,5.11819,469.47884,30.557122666666668,40.94552,0,0,0,0,1,0,0,0,0,0,0,0,0,0,0,0,0,1,0,0,1
org.apache.commons.dbcp2.TestDelegatingCallableStatement#testSetBinaryStreamStringInputStream,8,3,184.147705,11.469614,16.07335,61.38256833333333,3.823204666666667,5.357783333333334,491.06054666666665,30.585637333333334,42.86226666666667,0,0,0,0,1,0,0,0,0,0,0,0,0,0,0,0,0,1,0,0,1
org.apache.commons.dbcp2.TestDelegatingPreparedStatement#testSetBinaryStreamIntegerInputStreamLong,8,3,183.192917,11.439948,15.930797,61.06430566666666,3.813316,5.310265666666667,488.5144453333333,30.506528,42.482125333333336,0,0,0,0,1,0,0,0,0,0,0,0,0,0,0,0,0,1,0,0,1
org.apache.commons.dbcp2.TestDelegatingResultSet#testGetBigDecimalInteger,8,3,187.577866,11.460684,16.354673,62.525955333333336,3.820228,5.451557666666666,500.2076426666667,30.561824,43.61246133333333,0,0,0,0,1,0,0,0,0,0,0,0,0,0,0,0,0,1,0,0,1
org.apache.commons.dbcp2.TestDelegatingResultSet#testUpdateCharacterStreamIntegerReaderLong,8,3,203.224686,11.836431,17.201883,67.741562,3.945477,5.733961,541.932496,31.563816,45.871688,0,0,0,0,1,0,0,0,0,0,0,0,0,0,0,0,0,1,0,0,1
org.apache.commons.dbcp2.datasources.TestPerUserPoolDataSource#testPerUserDefaultTransactionIsolationMapNotInitialized,7,4,166.389282,11.425684,14.555639,41.5973205,2.856421,3.63890975,291.18124350000005,19.994947000000003,25.47236825,1,1,0,0,0,0,0,0,0,0,0,0,0,0,0,0,0,0,0,0,2
org.apache.commons.dbcp2.TestDelegatingCallableStatement#testGetArrayString,8,3,180.853256,11.412154,15.847425,60.28441866666666,3.8040513333333332,5.282475,482.2753493333333,30.432410666666666,42.2598,0,0,0,0,1,0,0,0,0,0,0,0,0,0,0,0,0,1,0,0,1
org.apache.commons.dbcp2.datasources.TestPerUserPoolDataSource#testPerUserEvictionPolicyClassNameMapNotInitializedMissingKey,7,5,171.178711,11.464966,14.93059,34.2357422,2.2929932,2.9861180000000003,239.65019539999997,16.0509524,20.902826,1,1,0,0,0,0,0,0,0,0,0,0,0,0,0,0,0,0,0,0,3
org.apache.commons.dbcp2.TestPoolingConnection#testPrepareStatementWithColumnIndexes,9,4,165.575592,11.368103,14.564927,41.393898,2.84202575,3.64123175,372.54508200000004,25.57823175,32.771085750000005,2,0,0,0,0,0,0,0,0,0,0,0,0,0,0,0,0,1,0,0,1
org.apache.commons.dbcp2.TestDelegatingDatabaseMetaData#testGetDatabaseProductName,8,2,178.823334,11.429148,15.646832,89.411667,5.714574,7.823416,715.293336,45.716592,62.587328,0,0,0,0,1,0,0,0,0,0,0,0,0,0,0,0,0,1,0,0,0
org.apache.commons.dbcp2.TestDelegatingDatabaseMetaData#testSupportsFullOuterJoins,8,2,183.321869,11.446917,15.947637,91.6609345,5.7234585,7.9738185,733.287476,45.787668,63.790548,0,0,0,0,1,0,0,0,0,0,0,0,0,0,0,0,0,1,0,0,0
org.apache.commons.dbcp2.datasources.TestPerUserPoolDataSource#testPerUserSoftMinEvictableIdleTimeMillisWithUserMapNotInitializedMissingKey,5,5,167.619568,11.398223,14.62382,33.5239136,2.2796446,2.924764,167.619568,11.398223,14.62382,1,1,0,0,0,0,0,0,0,0,0,0,0,0,0,0,0,0,0,0,3
org.apache.commons.dbcp2.datasources.TestPerUserPoolDataSource#testPerUserBlockWhenExhaustedWithUserMapNotInitialized,5,4,169.141769,11.465332,14.756608,42.28544225,2.866333,3.689152,211.42721125,14.331665,18.44576,1,1,0,0,0,0,0,0,0,0,0,0,0,0,0,0,0,0,0,0,2
org.apache.commons.dbcp2.TestDelegatingResultSet#testUpdateNCharacterStreamIntegerReaderLong,8,3,180.770004,11.394412,15.874794,60.256668,3.7981373333333335,5.291598,482.053344,30.385098666666668,42.332784,0,0,0,0,1,0,0,0,0,0,0,0,0,0,0,0,0,1,0,0,1
org.apache.commons.dbcp2.TestDelegatingDatabaseMetaData#testSupportsSubqueriesInComparisons,8,2,192.430847,11.875157,16.182379,96.2154235,5.9375785,8.0911895,769.723388,47.500628,64.729516,0,0,0,0,1,0,0,0,0,0,0,0,0,0,0,0,0,1,0,0,0
org.apache.commons.dbcp2.TestDelegatingDatabaseMetaData#testGetCatalogSeparator,8,2,180.597061,11.438969,15.777531,90.2985305,5.7194845,7.8887655,722.388244,45.755876,63.110124,0,0,0,0,1,0,0,0,0,0,0,0,0,0,0,0,0,1,0,0,0
org.apache.commons.dbcp2.TestDelegatingResultSet#testGetRow,8,2,186.967957,11.482742,16.27883,93.4839785,5.741371,8.139415,747.871828,45.930968,65.11532,0,0,0,0,1,0,0,0,0,0,0,0,0,0,0,0,0,1,0,0,0
org.apache.commons.dbcp2.datasources.TestPerUserPoolDataSource#testPerUserMinEvictableIdleDurationMapNotInitializedMissingKey,8,8,166.630936,11.42637,14.574118,20.828867,1.42829625,1.82176475,166.630936,11.42637,14.574118,2,1,0,0,0,0,0,0,0,0,0,0,0,0,0,0,0,0,0,0,5
org.apache.commons.dbcp2.TestDelegatingResultSet#testGetWarnings,8,2,174.204422,11.39767,15.262398,87.102211,5.698835,7.631199,696.817688,45.59068,61.049592,0,0,0,0,1,0,0,0,0,0,0,0,0,0,0,0,0,1,0,0,0
org.apache.commons.dbcp2.TestDelegatingResultSet#testUpdateTimestampIntegerTimestamp,8,3,181.26622,11.454437,15.865391,60.42207333333334,3.8181456666666667,5.288463666666667,483.3765866666667,30.545165333333333,42.307709333333335,0,0,0,0,1,0,0,0,0,0,0,0,0,0,0,0,0,1,0,0,1
org.apache.commons.dbcp2.TestDelegatingDatabaseMetaData#testSupportsSubqueriesInExists,8,2,185.819,11.470769,16.199349,92.9095,5.7353845,8.0996745,743.276,45.883076,64.797396,0,0,0,0,1,0,0,0,0,0,0,0,0,0,0,0,0,1,0,0,0
org.apache.commons.dbcp2.TestDelegatingResultSet#testGetStringString,8,3,190.920013,11.520477,16.550519,63.64000433333334,3.840159,5.516839666666667,509.1200346666667,30.721272,44.134717333333334,0,0,0,0,1,0,0,0,0,0,0,0,0,0,0,0,0,1,0,0,1
org.apache.commons.dbcp2.TestBasicDataSource#testInitialSize,10,27,169.403137,11.428661,14.824506,6.274190259259258,0.42328374074074077,0.5490557777777778,62.74190259259258,4.232837407407407,5.490557777777777,3,1,0,0,0,0,0,2,0,0,0,0,0,0,0,0,0,0,0,0,21
org.apache.commons.dbcp2.TestDelegatingDatabaseMetaData#testGetMaxColumnsInSelect,8,2,180.100845,11.409762,15.776659,90.0504225,5.704881,7.8883295,720.40338,45.639048,63.106636,0,0,0,0,1,0,0,0,0,0,0,0,0,0,0,0,0,1,0,0,0
org.apache.commons.dbcp2.TestPoolingDataSource#testPoolGuardConnectionWrapperEqualsReflexive,7,5,158.544983,11.37565,13.937224,31.7089966,2.27513,2.7874448000000003,221.96297619999999,15.92591,19.5121136,2,1,0,0,0,0,0,0,0,0,0,0,0,0,0,0,0,0,0,0,2
org.apache.commons.dbcp2.TestDelegatingPreparedStatement#testSetBigDecimalIntegerBigDecimal,8,2,185.909958,11.454723,16.25049,92.954979,5.7273615,8.125245,743.639832,45.818892,65.00196,0,0,0,0,1,0,0,0,0,0,0,0,0,0,0,0,0,1,0,0,0
org.apache.commons.dbcp2.TestDelegatingResultSet#testGetTimeString,8,3,181.077423,11.45242,15.839222,60.359141,3.8174733333333335,5.279740666666666,482.873128,30.539786666666668,42.23792533333333,0,0,0,0,1,0,0,0,0,0,0,0,0,0,0,0,0,1,0,0,1
org.apache.commons.dbcp2.TestDelegatingDatabaseMetaData#testIsReadOnly,8,2,181.831161,11.454233,15.874582,90.9155805,5.7271165,7.937291,727.324644,45.816932,63.498328,0,0,0,0,1,0,0,0,0,0,0,0,0,0,0,0,0,1,0,0,0
org.apache.commons.dbcp2.TestDelegatingCallableStatement#testSetAsciiStreamStringInputStream,8,3,175.046219,11.39558,15.360887,58.34873966666667,3.798526666666667,5.120295666666666,466.78991733333334,30.388213333333336,40.96236533333333,0,0,0,0,1,0,0,0,0,0,0,0,0,0,0,0,0,1,0,0,1
org.apache.commons.dbcp2.TestDelegatingResultSet#testGetTimestampInteger,8,3,176.832596,11.454545,15.460195,58.944198666666665,3.8181816666666664,5.1533983333333335,471.5535893333333,30.54545333333333,41.22718666666667,0,0,0,0,1,0,0,0,0,0,0,0,0,0,0,0,0,1,0,0,1
org.apache.commons.dbcp2.TestDelegatingDatabaseMetaData#testIsCatalogAtStart,8,2,181.096863,11.407673,15.875004,90.5484315,5.7038365,7.937502,724.387452,45.630692,63.500016,0,0,0,0,1,0,0,0,0,0,0,0,0,0,0,0,0,1,0,0,0
org.apache.commons.dbcp2.TestDelegatingDatabaseMetaData#testGetMaxColumnsInTable,8,2,185.215714,11.460705,16.044017,92.607857,5.7303525,8.0220085,740.862856,45.84282,64.176068,0,0,0,0,1,0,0,0,0,0,0,0,0,0,0,0,0,1,0,0,0
org.apache.commons.dbcp2.datasources.TestUserPassKey#testSerialization,4,2,163.587234,11.465128,14.348256,81.793617,5.732564,7.174128,327.174468,22.930256,28.696512,2,0,0,0,0,0,0,0,0,0,0,0,0,0,0,0,0,0,0,0,0
org.apache.commons.dbcp2.TestDelegatingResultSet#testBeforeFirst,8,2,180.339447,11.381049,15.845591,90.1697235,5.6905245,7.9227955,721.357788,45.524196,63.382364,0,0,0,0,1,0,0,0,0,0,0,0,0,0,0,0,0,1,0,0,0
org.apache.commons.dbcp2.datasources.TestPerUserPoolDataSource#testPerUserDurationBetweenEvictionRunsMapInitialized,15,12,167.677628,11.429881,14.656748,13.973135666666666,0.9524900833333333,1.2213956666666668,209.59703499999998,14.287351249999999,18.320935,6,1,0,0,0,0,0,0,0,0,0,0,0,0,0,0,0,0,0,0,5
org.apache.commons.dbcp2.datasources.TestPerUserPoolDataSource#testPerUserMaxIdleWithUserMapInitialized,8,7,170.798477,11.432479,14.946058,24.399782428571427,1.6332112857142858,2.135151142857143,195.19825942857142,13.065690285714286,17.081209142857144,3,1,0,0,0,0,0,0,0,0,0,0,0,0,0,0,1,0,0,0,2
org.apache.commons.dbcp2.datasources.TestPerUserPoolDataSource#testPerUserEvictionPolicyClassNameWithUserMapInitialized,8,7,169.152054,11.438868,14.759104,24.164579142857143,1.634124,2.108443428571429,193.31663314285714,13.072992,16.86754742857143,3,1,0,0,0,0,0,0,0,0,0,0,0,0,0,0,1,0,0,0,2
org.apache.commons.dbcp2.TestDelegatingDatabaseMetaData#testSupportsSubqueriesInQuantifieds,8,2,181.586441,11.384112,15.945979,90.7932205,5.692056,7.9729895,726.345764,45.536448,63.783916,0,0,0,0,1,0,0,0,0,0,0,0,0,0,0,0,0,1,0,0,0
org.apache.commons.dbcp2.TestDelegatingResultSet#testUpdateBooleanIntegerBoolean,8,3,183.182419,11.406098,16.065796,61.06080633333334,3.802032666666667,5.355265333333333,488.4864506666667,30.416261333333335,42.84212266666666,0,0,0,0,1,0,0,0,0,0,0,0,0,0,0,0,0,1,0,0,1
org.apache.commons.dbcp2.TestDelegatingCallableStatement#testSetBooleanStringBoolean,8,2,174.106857,11.413983,15.225348,87.0534285,5.7069915,7.612674,696.427428,45.655932,60.901392,0,0,0,0,1,0,0,0,0,0,0,0,0,0,0,0,0,1,0,0,0
org.apache.commons.dbcp2.datasources.TestPerUserPoolDataSource#testPerUserSoftMinEvictableIdleDurationMapNotInitializedMissingKey,8,8,170.759308,11.44329,14.942403,21.3449135,1.43041125,1.867800375,170.759308,11.44329,14.942403,2,1,0,0,0,0,0,0,0,0,0,0,0,0,0,0,0,0,0,0,5
org.apache.commons.dbcp2.datasources.TestCPDSConnectionFactory#testSetPasswordThenModCharArray,8,7,161.040115,11.372372,14.153927,23.00573071428571,1.6246245714285714,2.021989571428571,184.0458457142857,12.996996571428571,16.17591657142857,2,1,0,0,0,0,0,0,0,0,0,0,0,0,0,0,1,0,0,0,3
org.apache.commons.dbcp2.TestDelegatingDatabaseMetaData#testDataDefinitionCausesTransactionCommit,8,2,179.964478,11.415463,15.764975,89.982239,5.7077315,7.8824875,719.857912,45.661852,63.0599,0,0,0,0,1,0,0,0,0,0,0,0,0,0,0,0,0,1,0,0,0
org.apache.commons.dbcp2.TestDelegatingResultSet#testUpdateDoubleIntegerDouble,8,3,185.93277,11.480378,16.162013,61.97759,3.8267926666666665,5.387337666666667,495.82072,30.614341333333332,43.09870133333334,0,0,0,0,1,0,0,0,0,0,0,0,0,0,0,0,0,1,0,0,1
org.apache.commons.dbcp2.TestDelegatingResultSet#testIsFirst,8,2,181.822113,11.411523,15.949241,90.9110565,5.7057615,7.9746205,727.288452,45.646092,63.796964,0,0,0,0,1,0,0,0,0,0,0,0,0,0,0,0,0,1,0,0,0
org.apache.commons.dbcp2.TestDelegatingDatabaseMetaData#testGetColumnsStringStringStringString,8,2,183.133865,11.463548,15.961076,91.5669325,5.731774,7.980538,732.53546,45.854192,63.844304,0,0,0,0,1,0,0,0,0,0,0,0,0,0,0,0,0,1,0,0,0
org.apache.commons.dbcp2.TestDelegatingResultSet#testGetObjectInteger,8,3,183.724533,11.402141,16.123584,61.241511,3.8007136666666668,5.374528000000001,489.932088,30.405709333333334,42.996224000000005,0,0,0,0,1,0,0,0,0,0,0,0,0,0,0,0,0,1,0,0,1
org.apache.commons.dbcp2.TestDelegatingDatabaseMetaData#testGetMaxCharLiteralLength,8,2,183.894272,11.434668,16.082169,91.947136,5.717334,8.0410845,735.577088,45.738672,64.328676,0,0,0,0,1,0,0,0,0,0,0,0,0,0,0,0,0,1,0,0,0
org.apache.commons.dbcp2.datasources.TestPerUserPoolDataSource#testMultipleThreads1,6,2,173.760132,11.456711,15.1491,86.880066,5.7283555,7.57455,521.280396,34.370133,45.447300000000006,0,0,0,0,1,0,0,0,0,0,0,0,0,0,0,0,0,0,0,0,1
org.apache.commons.dbcp2.managed.TestManagedDataSource#testManagedConnectionEqualsNull,6,2,168.528763,11.416062,14.782502,84.2643815,5.708031,7.391251,505.586289,34.248186000000004,44.347506,1,0,0,0,0,0,0,0,0,0,0,0,0,0,0,0,0,0,0,0,1
org.apache.commons.dbcp2.TestDelegatingResultSet#testGetTimestampStringCalendar,8,3,181.532455,11.432322,15.874823,60.51081833333333,3.810774,5.291607666666667,484.08654666666666,30.486192,42.332861333333334,0,0,0,0,1,0,0,0,0,0,0,0,0,0,0,0,0,1,0,0,1
org.apache.commons.dbcp2.TestDelegatingResultSet#testUpdateObjectIntegerObjectSQLType,8,3,179.749512,11.424229,15.759846,59.916504,3.8080763333333336,5.253282,479.332032,30.46461066666667,42.026256,0,0,0,0,1,0,0,0,0,0,0,0,0,0,0,0,0,1,0,0,1
org.apache.commons.dbcp2.managed.TestBasicManagedDataSource#testTransactionManagerNotSet,5,1,167.313309,11.475771,14.573478,167.313309,11.475771,14.573478,836.566545,57.378854999999994,72.86739,0,0,0,0,0,0,0,0,0,0,0,0,0,0,0,0,0,1,0,0,0
org.apache.commons.dbcp2.TestDelegatingPreparedStatement#testSetDoubleIntegerDouble,8,2,177.262497,11.381798,15.563033,88.6312485,5.690899,7.7815165,709.049988,45.527192,62.252132,0,0,0,0,1,0,0,0,0,0,0,0,0,0,0,0,0,1,0,0,0
org.apache.commons.dbcp2.TestDelegatingPreparedStatement#testSetBytesIntegerByteArray,8,2,177.282455,11.403321,15.553964,88.6412275,5.7016605,7.776982,709.12982,45.613284,62.215856,0,0,0,0,1,0,0,0,0,0,0,0,0,0,0,0,0,1,0,0,0
org.apache.commons.dbcp2.TestDelegatingResultSet#testUpdateTimeStringTime,8,3,185.528488,11.480743,16.159973,61.842829333333334,3.8269143333333333,5.386657666666667,494.7426346666667,30.615314666666666,43.09326133333334,0,0,0,0,1,0,0,0,0,0,0,0,0,0,0,0,0,1,0,0,1
org.apache.commons.dbcp2.datasources.CharArrayTest#testAsString,3,2,159.755753,11.435231,13.970487,79.8778765,5.7176155,6.9852435,239.6336295,17.152846500000003,20.9557305,1,0,0,0,0,0,0,0,0,0,0,0,0,0,0,0,0,0,0,0,1
org.apache.commons.dbcp2.TestDelegatingDatabaseMetaData#testDoesMaxRowSizeIncludeBlobs,8,2,179.078049,11.418401,15.745065,89.5390245,5.7092005,7.8725325,716.312196,45.673604,62.98026,0,0,0,0,1,0,0,0,0,0,0,0,0,0,0,0,0,1,0,0,0
org.apache.commons.dbcp2.TestDelegatingCallableStatement#testGetBytesString,8,3,183.846939,11.454388,16.05035,61.282312999999995,3.8181293333333333,5.3501166666666675,490.25850399999996,30.545034666666666,42.80093333333334,0,0,0,0,1,0,0,0,0,0,0,0,0,0,0,0,0,1,0,0,1
org.apache.commons.dbcp2.TestDelegatingDatabaseMetaData#testSupportsExpressionsInOrderBy,8,2,187.65657,11.510024,16.348088,93.828285,5.755012,8.174044,750.62628,46.040096,65.392352,0,0,0,0,1,0,0,0,0,0,0,0,0,0,0,0,0,1,0,0,0
org.apache.commons.dbcp2.TestDelegatingResultSet#testGetBooleanString,8,3,181.881104,11.397974,15.841895,60.62703466666667,3.7993246666666667,5.280631666666666,485.01627733333333,30.394597333333333,42.24505333333333,0,0,0,0,1,0,0,0,0,0,0,0,0,0,0,0,0,1,0,0,1
org.apache.commons.dbcp2.TestDelegatingCallableStatement#testRegisterOutParameterIntegerSQLTypeInteger,8,3,183.339508,11.438624,16.006417,61.11316933333333,3.812874666666667,5.335472333333333,488.90535466666665,30.502997333333337,42.68377866666666,0,0,0,0,1,0,0,0,0,0,0,0,0,0,0,0,0,1,0,0,1
org.apache.commons.dbcp2.TestDelegatingResultSet#testUpdateCharacterStreamIntegerReaderInteger,8,3,177.295395,11.432639,15.49563,59.098465000000004,3.8108796666666667,5.16521,472.78772000000004,30.487037333333333,41.32168,0,0,0,0,1,0,0,0,0,0,0,0,0,0,0,0,0,1,0,0,1
org.apache.commons.dbcp2.TestDelegatingCallableStatement#testGetObjectIntegerClass,8,3,182.62468,11.390023,16.073029,60.87489333333334,3.7966743333333333,5.357676333333333,486.9991466666667,30.373394666666666,42.861410666666664,0,0,0,0,1,0,0,0,0,0,0,0,0,0,0,0,0,1,0,0,1
org.apache.commons.dbcp2.datasources.TestPerUserPoolDataSource#testPerUserTestOnReturnMapNotInitialized,7,4,169.668045,11.405647,14.758969,42.41701125,2.85141175,3.68974225,296.91907875000004,19.95988225,25.828195750000003,1,1,0,0,0,0,0,0,0,0,0,0,0,0,0,0,0,0,0,0,2
org.apache.commons.dbcp2.TestDelegatingPreparedStatement#testSetTimeIntegerTime,8,3,179.45105,11.425221,15.742662,59.81701666666667,3.8084070000000003,5.247554,478.53613333333334,30.467256000000003,41.980432,0,0,0,0,1,0,0,0,0,0,0,0,0,0,0,0,0,1,0,0,1
org.apache.commons.dbcp2.TestDelegatingCallableStatement#testSetDoubleStringDouble,8,2,184.788101,11.466031,16.031995,92.3940505,5.7330155,8.0159975,739.152404,45.864124,64.12798,0,0,0,0,1,0,0,0,0,0,0,0,0,0,0,0,0,1,0,0,0
org.apache.commons.dbcp2.TestDelegatingDatabaseMetaData#testSupportsDataDefinitionAndDataManipulationTransactions,8,2,181.244736,11.429865,15.85712,90.622368,5.7149325,7.92856,724.978944,45.71946,63.42848,0,0,0,0,1,0,0,0,0,0,0,0,0,0,0,0,0,1,0,0,0
org.apache.commons.dbcp2.TestDelegatingDatabaseMetaData#testGetUDTsStringStringStringIntegerArray,8,2,182.713242,11.448168,15.960042,91.356621,5.724084,7.980021,730.852968,45.792672,63.840168,0,0,0,0,1,0,0,0,0,0,0,0,0,0,0,0,0,1,0,0,0
org.apache.commons.dbcp2.TestDelegatingCallableStatement#testGetDateString,8,3,175.55368,11.42513,15.373241,58.51789333333334,3.8083766666666663,5.124413666666666,468.1431466666667,30.46701333333333,40.99530933333333,0,0,0,0,1,0,0,0,0,0,0,0,0,0,0,0,0,1,0,0,1
org.apache.commons.dbcp2.TestDelegatingPreparedStatement#testSetNCharacterStreamIntegerReaderLong,8,3,176.64183,11.408394,15.483496,58.88061,3.8027979999999997,5.161165333333334,471.04488,30.422383999999997,41.28932266666667,0,0,0,0,1,0,0,0,0,0,0,0,0,0,0,0,0,1,0,0,1
org.apache.commons.dbcp2.datasources.TestPerUserPoolDataSource#testPerUserDefaultAutoCommitMapInitialized,12,6,171.149002,11.440232,14.960274,28.524833666666666,1.9067053333333333,2.493379,342.298004,22.880464,29.920548,3,1,0,0,0,0,0,0,0,0,0,0,0,0,0,0,0,0,0,0,2
org.apache.commons.dbcp2.managed.TestManagedDataSource#testManagedConnectionEqualsReflexive,7,3,171.389999,11.459825,14.944536,57.12999966666666,3.819941666666667,4.9815119999999995,399.90999766666664,26.73959166666667,34.870584,2,0,0,0,0,0,0,0,0,0,0,0,0,0,0,0,0,0,0,0,1
org.apache.commons.dbcp2.TestDelegatingDatabaseMetaData#testGetDatabaseProductVersion,8,2,183.070724,11.481181,15.945287,91.535362,5.7405905,7.9726435,732.282896,45.924724,63.781148,0,0,0,0,1,0,0,0,0,0,0,0,0,0,0,0,0,1,0,0,0
org.apache.commons.dbcp2.TestDelegatingDatabaseMetaData#testSupportsOpenStatementsAcrossRollback,8,2,174.533417,11.429718,15.268798,87.2667085,5.714859,7.634399,698.133668,45.718872,61.075192,0,0,0,0,1,0,0,0,0,0,0,0,0,0,0,0,0,1,0,0,0
org.apache.commons.dbcp2.TestDelegatingDatabaseMetaData#testGetSchemas,8,3,181.424377,11.448512,15.846983,60.47479233333333,3.8161706666666664,5.282327666666666,483.79833866666667,30.52936533333333,42.25862133333333,0,0,0,0,1,0,0,0,0,0,0,0,0,0,0,0,0,1,0,0,1
org.apache.commons.dbcp2.TestDelegatingCallableStatement#testGetSQLXMLString,8,3,189.983231,11.488272,16.483882,63.32774366666666,3.829424,5.494627333333334,506.6219493333333,30.635392,43.95701866666667,0,0,0,0,1,0,0,0,0,0,0,0,0,0,0,0,0,1,0,0,1
org.apache.commons.dbcp2.datasources.TestPerUserPoolDataSource#testPerUserNumTestsPerEvictionRunWithUserMapNotInitialized,5,4,166.528885,11.428663,14.57116,41.63222125,2.85716575,3.64279,208.16110625,14.28582875,18.21395,1,1,0,0,0,0,0,0,0,0,0,0,0,0,0,0,0,0,0,0,2
org.apache.commons.dbcp2.TestDelegatingCallableStatement#testGetTimestampString,8,3,181.139175,11.438939,15.853251,60.379725,3.8129796666666667,5.284417,483.0378,30.503837333333333,42.275336,0,0,0,0,1,0,0,0,0,0,0,0,0,0,0,0,0,1,0,0,1
org.apache.commons.dbcp2.TestDelegatingCallableStatement#testSetNCharacterStreamStringReaderLong,8,3,190.668625,11.496177,16.569114,63.55620833333333,3.8320589999999997,5.523038,508.44966666666664,30.656471999999997,44.184304,0,0,0,0,1,0,0,0,0,0,0,0,0,0,0,0,0,1,0,0,1
org.apache.commons.dbcp2.TestDelegatingDatabaseMetaData#testStoresMixedCaseQuotedIdentifiers,8,2,183.466675,11.409056,16.034911,91.7333375,5.704528,8.0174555,733.8667,45.636224,64.139644,0,0,0,0,1,0,0,0,0,0,0,0,0,0,0,0,0,1,0,0,0
org.apache.commons.dbcp2.datasources.TestPerUserPoolDataSource#testPerUserMaxIdleMapNotInitializedMissingKey,7,5,173.234848,11.483594,15.085421,34.6469696,2.2967188,3.0170842,242.52878719999998,16.077031599999998,21.1195894,1,1,0,0,0,0,0,0,0,0,0,0,0,0,0,0,0,0,0,0,3
org.apache.commons.dbcp2.TestDelegatingPreparedStatement#testSetIntIntegerInteger,8,2,175.108017,11.399429,15.327852,87.5540085,5.6997145,7.663926,700.432068,45.597716,61.311408,0,0,0,0,1,0,0,0,0,0,0,0,0,0,0,0,0,1,0,0,0
org.apache.commons.dbcp2.TestDelegatingResultSet#testGetURLInteger,8,3,184.789337,11.475499,16.177449,61.59644566666666,3.8251663333333332,5.3924829999999995,492.7715653333333,30.601330666666666,43.139863999999996,0,0,0,0,1,0,0,0,0,0,0,0,0,0,0,0,0,1,0,0,1
org.apache.commons.dbcp2.TestDelegatingResultSet#testGetBigDecimalString,8,3,184.356674,11.463952,16.081425,61.452224666666666,3.8213173333333335,5.360475,491.61779733333333,30.570538666666668,42.8838,0,0,0,0,1,0,0,0,0,0,0,0,0,0,0,0,0,1,0,0,1
org.apache.commons.dbcp2.TestDelegatingPreparedStatement#testSetBinaryStreamIntegerInputStream,8,3,180.186066,11.416867,15.77099,60.062022000000006,3.8056223333333334,5.256996666666667,480.49617600000005,30.444978666666668,42.055973333333334,0,0,0,0,1,0,0,0,0,0,0,0,0,0,0,0,0,1,0,0,1
org.apache.commons.dbcp2.TestDelegatingDatabaseMetaData#testGetMaxLogicalLobSize,8,2,180.947281,11.451387,15.850514,90.4736405,5.7256935,7.925257,723.789124,45.805548,63.402056,0,0,0,0,1,0,0,0,0,0,0,0,0,0,0,0,0,1,0,0,0
org.apache.commons.dbcp2.TestDelegatingDatabaseMetaData#testWrap,10,9,185.930466,11.47886,16.164803,20.658940666666666,1.2754288888888887,1.7960892222222222,206.58940666666666,12.754288888888887,17.96089222222222,8,1,0,0,0,0,0,0,0,0,0,0,0,0,0,0,0,0,0,0,0
org.apache.commons.dbcp2.TestDelegatingCallableStatement#testGetShortInteger,8,3,183.721039,11.463776,16.068628,61.24034633333333,3.8212586666666666,5.356209333333333,489.9227706666666,30.570069333333333,42.849674666666665,0,0,0,0,1,0,0,0,0,0,0,0,0,0,0,0,0,1,0,0,1
org.apache.commons.dbcp2.TestDelegatingCallableStatement#testSetAsciiStreamStringInputStreamInteger,8,3,182.962051,11.463329,15.991501,60.98735033333333,3.8211096666666666,5.330500333333333,487.89880266666665,30.568877333333333,42.644002666666665,0,0,0,0,1,0,0,0,0,0,0,0,0,0,0,0,0,1,0,0,1
org.apache.commons.dbcp2.datasources.TestPerUserPoolDataSource#testPerUserSoftMinEvictableIdleTimeMillisWithUserMapInitialized,8,7,159.93335,11.419081,14.040491,22.847621428571426,1.6312972857142858,2.0057844285714284,182.7809714285714,13.050378285714286,16.046275428571427,3,1,0,0,0,0,0,0,0,0,0,0,0,0,0,0,1,0,0,0,2
org.apache.commons.dbcp2.TestDelegatingDatabaseMetaData#testAutoCommitFailureClosesAllResultSets,8,2,180.619019,11.462435,15.757474,90.3095095,5.7312175,7.878737,722.476076,45.84974,63.029896,0,0,0,0,1,0,0,0,0,0,0,0,0,0,0,0,0,1,0,0,0
org.apache.commons.dbcp2.datasources.TestPerUserPoolDataSource#testPerUserDefaultTransactionIsolationMapNotInitializedMissingKey,7,4,169.264908,11.444464,14.790113,42.316227,2.861116,3.69752825,296.213589,20.027812,25.882697750000002,1,1,0,0,0,0,0,0,0,0,0,0,0,0,0,0,0,0,0,0,2
org.apache.commons.dbcp2.TestBasicDataSource#testMutateAbandonedConfig,12,5,171.46698,11.401597,15.041881,34.293396,2.2803194,3.0083762,411.520752,27.3638328,36.1005144,1,1,0,0,0,0,0,0,0,0,0,0,0,0,0,0,0,0,0,0,3
org.apache.commons.dbcp2.TestBasicDataSource#testConcurrentInvalidateBorrow,24,35,172.802704,11.46296,15.074877,4.937220114285714,0.3275131428571429,0.43071077142857145,118.49328274285715,7.86031542857143,10.337058514285715,2,1,0,0,0,0,0,0,1,0,0,0,0,1,0,0,0,0,0,0,30
org.apache.commons.dbcp2.TestDelegatingResultSet#testUpdateRowIdIntegerRowId,8,3,187.406189,11.517694,16.268924,62.46872966666667,3.8392313333333337,5.422974666666666,499.74983733333335,30.71385066666667,43.38379733333333,0,0,0,0,1,0,0,0,0,0,0,0,0,0,0,0,0,1,0,0,1
org.apache.commons.dbcp2.TestDelegatingPreparedStatement#testSetObjectIntegerObject,8,3,175.239975,11.401708,15.365184,58.41332499999999,3.8005693333333332,5.121728,467.30659999999995,30.404554666666666,40.973824,0,0,0,0,1,0,0,0,0,0,0,0,0,0,0,0,0,1,0,0,1
org.apache.commons.dbcp2.TestDelegatingDatabaseMetaData#testGetFunctionColumnsStringStringStringString,8,2,188.827118,11.473687,16.484197,94.413559,5.7368435,8.2420985,755.308472,45.894748,65.936788,0,0,0,0,1,0,0,0,0,0,0,0,0,0,0,0,0,1,0,0,0
org.apache.commons.dbcp2.TestDelegatingResultSet#testInsertRow,8,2,184.17485,11.436964,16.07285,92.087425,5.718482,8.036425,736.6994,45.747856,64.2914,0,0,0,0,1,0,0,0,0,0,0,0,0,0,0,0,0,1,0,0,0
org.apache.commons.dbcp2.datasources.TestPerUserPoolDataSource#testPerUserMaxTotalWithUserMapNotInitializedMissingKey,5,5,167.427444,11.402792,14.67305,33.4854888,2.2805584,2.93461,167.427444,11.402792,14.67305,1,1,0,0,0,0,0,0,0,0,0,0,0,0,0,0,0,0,0,0,3
org.apache.commons.dbcp2.managed.TestBasicManagedDataSource#testCreateXaDataSourceNoInstanceSetAndNoDataSource,8,7,168.685791,11.443626,14.757905,24.097970142857143,1.6348037142857144,2.108272142857143,192.78376114285714,13.078429714285715,16.866177142857143,1,1,0,0,0,0,0,0,0,0,0,0,0,0,0,0,0,1,0,0,4
org.apache.commons.dbcp2.TestDelegatingCallableStatement#testRegisterOutParameterIntegerSQLTypeString,8,3,183.590546,11.433939,16.063222,61.19684866666666,3.811313,5.3544073333333335,489.5747893333333,30.490504,42.83525866666667,0,0,0,0,1,0,0,0,0,0,0,0,0,0,0,0,0,1,0,0,1
org.apache.commons.dbcp2.TestDelegatingResultSet#testUpdateBlobIntegerBlob,8,3,182.84169,11.438181,15.985207,60.94723,3.812727,5.328402333333334,487.57784,30.501816,42.62721866666667,0,0,0,0,1,0,0,0,0,0,0,0,0,0,0,0,0,1,0,0,1
org.apache.commons.dbcp2.TestDelegatingDatabaseMetaData#testGetProceduresStringStringString,8,2,179.013535,11.417237,15.730003,89.5067675,5.7086185,7.8650015,716.05414,45.668948,62.920012,0,0,0,0,1,0,0,0,0,0,0,0,0,0,0,0,0,1,0,0,0
org.apache.commons.dbcp2.TestDelegatingDatabaseMetaData#testGetAttributesStringStringStringString,8,2,180.004272,11.408364,15.778272,90.002136,5.704182,7.889136,720.017088,45.633456,63.113088,0,0,0,0,1,0,0,0,0,0,0,0,0,0,0,0,0,1,0,0,0
org.apache.commons.dbcp2.TestDelegatingDatabaseMetaData#testSupportsOpenStatementsAcrossCommit,8,2,183.532104,11.466702,15.980668,91.766052,5.733351,7.990334,734.128416,45.866808,63.922672,0,0,0,0,1,0,0,0,0,0,0,0,0,0,0,0,0,1,0,0,0
org.apache.commons.dbcp2.TestDelegatingDatabaseMetaData#testSupportsNonNullableColumns,8,2,182.91806,11.455741,15.963162,91.45903,5.7278705,7.981581,731.67224,45.822964,63.852648,0,0,0,0,1,0,0,0,0,0,0,0,0,0,0,0,0,1,0,0,0
org.apache.commons.dbcp2.TestBasicDataSource#testValidationQueryTimeoutNegative,7,15,164.674896,11.394424,14.519048,10.978326399999998,0.7596282666666667,0.9679365333333333,76.8482848,5.317397866666667,6.775555733333333,0,1,0,0,1,0,0,0,0,0,0,0,0,0,0,0,0,1,0,0,12
org.apache.commons.dbcp2.TestDelegatingDatabaseMetaData#testSupportsResultSetConcurrencyIntegerInteger,8,2,186.529495,11.478224,16.194355,93.2647475,5.739112,8.0971775,746.11798,45.912896,64.77742,0,0,0,0,1,0,0,0,0,0,0,0,0,0,0,0,0,1,0,0,0
org.apache.commons.dbcp2.datasources.CharArrayTest#testToString,3,3,161.654572,11.388209,14.13516,53.884857333333336,3.7960696666666665,4.711720000000001,161.654572,11.388209,14.13516,1,0,0,0,0,0,0,0,0,0,0,0,1,0,0,0,0,0,0,0,1
org.apache.commons.dbcp2.TestDelegatingDatabaseMetaData#testSupportsBatchUpdates,8,2,180.172272,11.416047,15.78237,90.086136,5.7080235,7.891185,720.689088,45.664188,63.12948,0,0,0,0,1,0,0,0,0,0,0,0,0,0,0,0,0,1,0,0,0
org.apache.commons.dbcp2.TestDelegatingResultSet#testRelativeInteger,8,2,181.653915,11.461623,15.881725,90.8269575,5.7308115,7.9408625,726.61566,45.846492,63.5269,0,0,0,0,1,0,0,0,0,0,0,0,0,0,0,0,0,1,0,0,0
org.apache.commons.dbcp2.datasources.TestPoolKey#testEquals,11,13,160.915848,11.439714,14.066422,12.378142153846154,0.879978,1.0820324615384616,136.1595636923077,9.679758,11.902357076923076,9,0,0,0,0,3,0,0,0,0,0,0,0,0,0,0,0,0,0,0,1
org.apache.commons.dbcp2.TestDelegatingCallableStatement#testSetBlobStringInputStreamLong,8,3,181.371124,11.408165,15.945451,60.457041333333336,3.8027216666666668,5.315150333333333,483.6563306666667,30.421773333333334,42.52120266666667,0,0,0,0,1,0,0,0,0,0,0,0,0,0,0,0,0,1,0,0,1
org.apache.commons.dbcp2.datasources.TestPerUserPoolDataSource#testPerUserTestOnReturnMapInitialized,12,7,167.437759,11.453969,14.656193,23.919679857142857,1.6362812857142859,2.093741857142857,287.0361582857143,19.63537542857143,25.124902285714285,3,1,0,0,0,0,0,0,0,0,0,0,0,0,0,0,0,0,0,0,3
org.apache.commons.dbcp2.TestDelegatingResultSet#testUpdateTimestampStringTimestamp,8,3,183.06749,11.429444,15.94867,61.02249666666666,3.8098146666666666,5.316223333333333,488.1799733333333,30.478517333333333,42.529786666666666,0,0,0,0,1,0,0,0,0,0,0,0,0,0,0,0,0,1,0,0,1
org.apache.commons.dbcp2.TestDelegatingDatabaseMetaData#testGetSuperTablesStringStringString,8,2,185.868805,11.483298,16.146972,92.9344025,5.741649,8.073486,743.47522,45.933192,64.587888,0,0,0,0,1,0,0,0,0,0,0,0,0,0,0,0,0,1,0,0,0
org.apache.commons.dbcp2.TestDelegatingDatabaseMetaData#testGetMaxColumnsInIndex,8,2,182.499512,11.495725,15.964862,91.249756,5.7478625,7.982431,729.998048,45.9829,63.859448,0,0,0,0,1,0,0,0,0,0,0,0,0,0,0,0,0,1,0,0,0
org.apache.commons.dbcp2.TestDelegatingDatabaseMetaData#testSupportsTableCorrelationNames,8,2,181.285736,11.443931,15.762237,90.642868,5.7219655,7.8811185,725.142944,45.775724,63.048948,0,0,0,0,1,0,0,0,0,0,0,0,0,0,0,0,0,1,0,0,0
org.apache.commons.dbcp2.TestDelegatingResultSet#testUpdateNCharacterStreamStringReader,8,3,183.45166,11.470907,15.965354,61.150553333333335,3.8236356666666667,5.321784666666667,489.2044266666667,30.589085333333333,42.574277333333335,0,0,0,0,1,0,0,0,0,0,0,0,0,0,0,0,0,1,0,0,1
org.apache.commons.dbcp2.datasources.TestPerUserPoolDataSource#testPerUserNumTestsPerEvictionRunMapNotInitializedMissingKey,7,5,168.500427,11.421714,14.757351,33.7000854,2.2843428,2.9514702,235.90059779999999,15.9903996,20.6602914,1,1,0,0,0,0,0,0,0,0,0,0,0,0,0,0,0,0,0,0,3
org.apache.commons.dbcp2.datasources.TestUserPassKey#testHashcode,4,4,153.010315,11.361026,13.468001,38.25257875,2.8402565,3.36700025,153.010315,11.361026,13.468001,2,1,0,0,0,0,0,0,0,0,0,0,0,0,0,0,0,0,0,0,1
org.apache.commons.dbcp2.TestDelegatingResultSet#testRowUpdated,8,2,185.990021,11.46256,16.185225,92.9950105,5.73128,8.0926125,743.960084,45.85024,64.7409,0,0,0,0,1,0,0,0,0,0,0,0,0,0,0,0,0,1,0,0,0
org.apache.commons.dbcp2.TestDelegatingDatabaseMetaData#testUpdatesAreDetectedInteger,8,2,183.470154,11.432645,16.047918,91.735077,5.7163225,8.023959,733.880616,45.73058,64.191672,0,0,0,0,1,0,0,0,0,0,0,0,0,0,0,0,0,1,0,0,0
org.apache.commons.dbcp2.TestDelegatingResultSet#testGetCharacterStreamInteger,8,3,186.607376,11.502855,16.16709,62.202458666666665,3.834285,5.389030000000001,497.6196693333333,30.67428,43.11224000000001,0,0,0,0,1,0,0,0,0,0,0,0,0,0,0,0,0,1,0,0,1
org.apache.commons.dbcp2.TestDelegatingDatabaseMetaData#testGetMaxTablesInSelect,8,2,182.745895,11.45232,15.957106,91.3729475,5.72616,7.978553,730.98358,45.80928,63.828424,0,0,0,0,1,0,0,0,0,0,0,0,0,0,0,0,0,1,0,0,0
org.apache.commons.dbcp2.datasources.TestPerUserPoolDataSource#testPerUserTimeBetweenEvictionRunsMillisWithUserMapNotInitializedMissingKey,5,5,165.640564,11.384689,14.455408,33.128112800000004,2.2769378,2.8910816,165.640564,11.384689,14.455408,1,1,0,0,0,0,0,0,0,0,0,0,0,0,0,0,0,0,0,0,3
org.apache.commons.dbcp2.TestDelegatingDatabaseMetaData#testGetDriverVersion,8,2,183.349274,11.438309,15.979475,91.674637,5.7191545,7.9897375,733.397096,45.753236,63.9179,0,0,0,0,1,0,0,0,0,0,0,0,0,0,0,0,0,1,0,0,0
org.apache.commons.dbcp2.TestDelegatingDatabaseMetaData#testSupportsPositionedDelete,8,2,187.39209,11.495136,16.27134,93.696045,5.747568,8.13567,749.56836,45.980544,65.08536,0,0,0,0,1,0,0,0,0,0,0,0,0,0,0,0,0,1,0,0,0
org.apache.commons.dbcp2.managed.TestBasicManagedDataSource#testRuntimeExceptionsAreRethrown,11,8,161.104614,11.394784,14.170768,20.13807675,1.424348,1.771346,221.51884425,15.667827999999998,19.484806,0,1,0,0,0,0,0,0,0,0,0,0,0,0,0,0,0,1,0,0,6
org.apache.commons.dbcp2.TestDelegatingDatabaseMetaData#testSupportsExtendedSQLGrammar,8,2,184.73317,11.459573,16.072936,92.366585,5.7297865,8.036468,738.93268,45.838292,64.291744,0,0,0,0,1,0,0,0,0,0,0,0,0,0,0,0,0,1,0,0,0
org.apache.commons.dbcp2.TestDelegatingResultSet#testUpdateNullInteger,8,3,191.816544,11.520788,16.637434,63.938848,3.8402626666666664,5.545811333333333,511.510784,30.72210133333333,44.366490666666664,0,0,0,0,1,0,0,0,0,0,0,0,0,0,0,0,0,1,0,0,1
org.apache.commons.dbcp2.TestDelegatingDatabaseMetaData#testStoresLowerCaseIdentifiers,8,2,188.979065,11.551091,16.360279,94.4895325,5.7755455,8.1801395,755.91626,46.204364,65.441116,0,0,0,0,1,0,0,0,0,0,0,0,0,0,0,0,0,1,0,0,0
org.apache.commons.dbcp2.TestDelegatingResultSet#testGetSQLXMLString,8,3,181.616608,11.435416,15.895908,60.53886933333334,3.8118053333333335,5.298636,484.3109546666667,30.494442666666668,42.389088,0,0,0,0,1,0,0,0,0,0,0,0,0,0,0,0,0,1,0,0,1
org.apache.commons.dbcp2.TestBasicDataSource#testInvalidConnectionInitSql,13,9,160.154266,11.416347,14.048976,17.794918444444445,1.268483,1.5609973333333333,231.3339397777778,16.490279,20.292965333333335,0,1,0,0,0,0,0,0,1,0,0,0,0,0,0,0,0,1,0,0,6
org.apache.commons.dbcp2.TestDelegatingCallableStatement#testRegisterOutParameterStringSQLType,8,3,181.717682,11.448274,16.063243,60.57256066666667,3.816091333333333,5.354414333333334,484.58048533333334,30.528730666666664,42.83531466666667,0,0,0,0,1,0,0,0,0,0,0,0,0,0,0,0,0,1,0,0,1
org.apache.commons.dbcp2.TestDelegatingCallableStatement#testSetAsciiStreamStringInputStreamLong,8,3,182.576614,11.432071,15.967321,60.85887133333333,3.8106903333333335,5.322440333333334,486.87097066666666,30.485522666666668,42.57952266666667,0,0,0,0,1,0,0,0,0,0,0,0,0,0,0,0,0,1,0,0,1
org.apache.commons.dbcp2.TestDelegatingDatabaseMetaData#testGetProcedureColumnsStringStringStringString,8,2,181.871262,11.454266,15.973699,90.935631,5.727133,7.9868495,727.485048,45.817064,63.894796,0,0,0,0,1,0,0,0,0,0,0,0,0,0,0,0,0,1,0,0,0
org.apache.commons.dbcp2.TestDelegatingDatabaseMetaData#testSupportsCatalogsInDataManipulation,8,2,181.666321,11.413833,15.844958,90.8331605,5.7069165,7.922479,726.665284,45.655332,63.379832,0,0,0,0,1,0,0,0,0,0,0,0,0,0,0,0,0,1,0,0,0
org.apache.commons.dbcp2.datasources.TestPerUserPoolDataSource#testPerUserNumTestsPerEvictionRunMapNotInitialized,7,4,159.126587,11.415618,13.939151,39.78164675,2.8539045,3.48478775,278.47152725,19.977331500000002,24.393514250000003,1,1,0,0,0,0,0,0,0,0,0,0,0,0,0,0,0,0,0,0,2
org.apache.commons.dbcp2.TestDelegatingDatabaseMetaData#testGetDriverMajorVersion,4,1,185.196259,11.455272,16.176226,185.196259,11.455272,16.176226,740.785036,45.821088,64.704904,0,0,0,0,1,0,0,0,0,0,0,0,0,0,0,0,0,0,0,0,0
org.apache.commons.dbcp2.datasources.TestPerUserPoolDataSource#testPerUserDefaultReadOnlyMapInitialized,12,6,174.296356,11.43824,15.23804,29.049392666666666,1.9063733333333335,2.5396733333333334,348.592712,22.87648,30.47608,3,1,0,0,0,0,0,0,0,0,0,0,0,0,0,0,0,0,0,0,2
org.apache.commons.dbcp2.datasources.TestPerUserPoolDataSource#testPerUserSoftMinEvictableIdleTimeMillisWithUserMapNotInitialized,5,4,165.917969,11.425576,14.566324,41.47949225,2.856394,3.641581,207.39746125,14.28197,18.207905,1,1,0,0,0,0,0,0,0,0,0,0,0,0,0,0,0,0,0,0,2
org.apache.commons.dbcp2.TestDelegatingResultSet#testGetConcurrency,8,2,181.680542,11.430462,15.894418,90.840271,5.715231,7.947209,726.722168,45.721848,63.577672,0,0,0,0,1,0,0,0,0,0,0,0,0,0,0,0,0,1,0,0,0
org.apache.commons.dbcp2.TestDelegatingResultSet#testUpdateNCharacterStreamIntegerReader,8,3,181.506607,11.457359,15.761343,60.50220233333334,3.819119666666667,5.253781,484.0176186666667,30.552957333333335,42.030248,0,0,0,0,1,0,0,0,0,0,0,0,0,0,0,0,0,1,0,0,1
org.apache.commons.dbcp2.TestPoolingDataSource#testPoolGuardConnectionWrapperEqualsFail,7,4,166.416229,11.435885,14.543872,41.60405725,2.85897125,3.635968,291.22840075,20.01279875,25.451776000000002,1,1,0,0,0,0,0,0,0,0,0,0,0,0,0,0,0,0,0,0,2
org.apache.commons.dbcp2.datasources.TestPerUserPoolDataSource#testPerUserDefaultAutoCommitMapNotInitializedMissingKey,7,4,167.99472,11.4241,14.75699,41.99868,2.856025,3.6892475,293.99076,19.992175,25.824732500000003,1,1,0,0,0,0,0,0,0,0,0,0,0,0,0,0,0,0,0,0,2
org.apache.commons.dbcp2.datasources.TestPerUserPoolDataSource#testPerUserTestOnBorrowMapNotInitializedMissingKey,7,5,172.542465,11.444736,15.056492,34.508493,2.2889472,3.0112984000000003,241.559451,16.0226304,21.0790888,1,1,0,0,0,0,0,0,0,0,0,0,0,0,0,0,0,0,0,0,3
org.apache.commons.dbcp2.TestDelegatingDatabaseMetaData#testGetTypeInfo,8,2,178.200104,11.410598,15.742061,89.100052,5.705299,7.8710305,712.800416,45.642392,62.968244,0,0,0,0,1,0,0,0,0,0,0,0,0,0,0,0,0,1,0,0,0
org.apache.commons.dbcp2.datasources.TestPerUserPoolDataSource#testPerUserTestOnReturnWithUserMapInitialized,8,7,166.171219,11.407965,14.546257,23.738745571428574,1.6297092857142859,2.0780367142857146,189.9099645714286,13.037674285714287,16.624293714285717,3,1,0,0,0,0,0,0,0,0,0,0,0,0,0,0,1,0,0,0,2
org.apache.commons.dbcp2.TestDelegatingCallableStatement#testGetDelegate,5,2,196.64917,11.796357,16.667588,98.324585,5.8981785,8.333794,491.62292499999995,29.4908925,41.668969999999995,1,0,0,0,0,0,0,0,0,0,0,0,0,0,0,0,0,0,0,0,1
org.apache.commons.dbcp2.TestDelegatingResultSet#testUpdateRefIntegerRef,8,3,181.834351,11.45947,15.86062,60.61145033333333,3.8198233333333333,5.286873333333333,484.89160266666664,30.558586666666667,42.29498666666667,0,0,0,0,1,0,0,0,0,0,0,0,0,0,0,0,0,1,0,0,1
org.apache.commons.dbcp2.TestDelegatingDatabaseMetaData#testGetImportedKeysStringStringString,8,2,181.718719,11.398674,15.942093,90.8593595,5.699337,7.9710465,726.874876,45.594696,63.768372,0,0,0,0,1,0,0,0,0,0,0,0,0,0,0,0,0,1,0,0,0
org.apache.commons.dbcp2.TestDelegatingResultSet#testUpdateObjectIntegerObjectSQLTypeInteger,8,3,181.278946,11.479989,15.880713,60.42631533333333,3.826663,5.293571,483.4105226666666,30.613304,42.348568,0,0,0,0,1,0,0,0,0,0,0,0,0,0,0,0,0,1,0,0,1
org.apache.commons.dbcp2.TestDelegatingCallableStatement#testSetTimestampStringTimestamp,8,3,174.20047,11.437841,15.263632,58.06682333333333,3.812613666666667,5.087877333333333,464.53458666666666,30.500909333333336,40.703018666666665,0,0,0,0,1,0,0,0,0,0,0,0,0,0,0,0,0,1,0,0,1
org.apache.commons.dbcp2.TestDelegatingResultSet#testGetRefString,8,3,182.464142,11.412575,15.963733,60.82138066666667,3.8041916666666666,5.3212443333333335,486.57104533333336,30.433533333333333,42.56995466666667,0,0,0,0,1,0,0,0,0,0,0,0,0,0,0,0,0,1,0,0,1
org.apache.commons.dbcp2.TestDelegatingCallableStatement#testGetSQLXMLInteger,8,3,181.492874,11.428278,15.881034,60.49762466666667,3.809426,5.293678,483.98099733333333,30.475408,42.349424,0,0,0,0,1,0,0,0,0,0,0,0,0,0,0,0,0,1,0,0,1
org.apache.commons.dbcp2.TestDelegatingResultSet#testUpdateBigDecimalIntegerBigDecimal,8,3,183.933655,11.512199,16.06493,61.31121833333333,3.8373996666666668,5.3549766666666665,490.48974666666663,30.699197333333334,42.83981333333333,0,0,0,0,1,0,0,0,0,0,0,0,0,0,0,0,0,1,0,0,1
org.apache.commons.dbcp2.datasources.TestPerUserPoolDataSource#testPerUserNumTestsPerEvictionRunMapInitialized,12,7,166.668442,11.404894,14.574704,23.80977742857143,1.6292705714285716,2.0821005714285716,285.7173291428571,19.551246857142857,24.985206857142856,3,1,0,0,0,0,0,0,0,0,0,0,0,0,0,0,0,0,0,0,3
org.apache.commons.dbcp2.TestDelegatingPreparedStatement#testExecuteLargeUpdate,8,2,184.661804,11.502278,16.029757,92.330902,5.751139,8.0148785,738.647216,46.009112,64.119028,0,0,0,0,1,0,0,0,0,0,0,0,0,0,0,0,0,1,0,0,0
org.apache.commons.dbcp2.TestDelegatingDatabaseMetaData#testSupportsMultipleOpenResults,8,2,172.781448,11.379782,15.174087,86.390724,5.689891,7.5870435,691.125792,45.519128,60.696348,0,0,0,0,1,0,0,0,0,0,0,0,0,0,0,0,0,1,0,0,0
org.apache.commons.dbcp2.TestDelegatingDatabaseMetaData#testGetDriverMinorVersion,4,1,191.783691,11.491324,16.649776,191.783691,11.491324,16.649776,767.134764,45.965296,66.599104,0,0,0,0,1,0,0,0,0,0,0,0,0,0,0,0,0,0,0,0,0
org.apache.commons.dbcp2.datasources.TestPerUserPoolDataSource#testPerUserLifoWithUserMapNotInitialized,5,4,170.735397,11.514572,14.875505,42.68384925,2.878643,3.71887625,213.41924625,14.393214999999998,18.594381249999998,1,1,0,0,0,0,0,0,0,0,0,0,0,0,0,0,0,0,0,0,2
org.apache.commons.dbcp2.TestBasicDataSource#testInvalidValidationQuery,11,9,172.829727,11.436636,15.059447,19.203303,1.2707373333333334,1.673271888888889,211.23633299999997,13.978110666666666,18.405990777777777,0,1,0,0,0,0,0,0,1,0,0,0,0,0,0,0,0,1,0,0,6
org.apache.commons.dbcp2.datasources.TestPerUserPoolDataSource#testPerUserNumTestsPerEvictionRunWithUserMapInitialized,8,7,170.914871,11.448092,14.95757,24.416410142857142,1.6354417142857145,2.1367957142857144,195.33128114285714,13.083533714285716,17.094365714285715,3,1,0,0,0,0,0,0,0,0,0,0,0,0,0,0,1,0,0,0,2
org.apache.commons.dbcp2.TestDelegatingCallableStatement#testGetBlobInteger,8,3,183.425385,11.50292,15.945985,61.141795,3.8343066666666665,5.315328333333333,489.13436,30.674453333333332,42.52262666666667,0,0,0,0,1,0,0,0,0,0,0,0,0,0,0,0,0,1,0,0,1
org.apache.commons.dbcp2.TestDelegatingCallableStatement#testGetBytesInteger,8,3,175.06691,11.397048,15.360724,58.35563666666667,3.799016,5.120241333333333,466.84509333333335,30.392128,40.96193066666667,0,0,0,0,1,0,0,0,0,0,0,0,0,0,0,0,0,1,0,0,1
org.apache.commons.dbcp2.TestDelegatingDatabaseMetaData#testSupportsGroupByUnrelated,8,2,183.720993,11.463491,15.966377,91.8604965,5.7317455,7.9831885,734.883972,45.853964,63.865508,0,0,0,0,1,0,0,0,0,0,0,0,0,0,0,0,0,1,0,0,0
org.apache.commons.dbcp2.TestDelegatingPreparedStatement#testSetUnicodeStreamIntegerInputStreamInteger,8,2,176.585861,11.399777,15.490291,88.2929305,5.6998885,7.7451455,706.343444,45.599108,61.961164,0,0,0,0,1,0,0,0,0,0,0,0,0,0,0,0,0,1,0,0,0
org.apache.commons.dbcp2.TestDelegatingResultSet#testGetDoubleString,8,3,174.65123,11.453984,15.376429,58.217076666666664,3.817994666666667,5.125476333333333,465.7366133333333,30.543957333333335,41.003810666666666,0,0,0,0,1,0,0,0,0,0,0,0,0,0,0,0,0,1,0,0,1
org.apache.commons.dbcp2.TestDelegatingPreparedStatement#testSetAsciiStreamIntegerInputStreamInteger,8,3,178.874847,11.370322,15.731731,59.624948999999994,3.7901073333333333,5.243910333333333,476.99959199999995,30.320858666666666,41.951282666666664,0,0,0,0,1,0,0,0,0,0,0,0,0,0,0,0,0,1,0,0,1
org.apache.commons.dbcp2.managed.TestManagedDataSource#testSetNullTransactionRegistry,5,2,168.853134,11.436324,14.769768,84.426567,5.718162,7.384884,422.132835,28.59081,36.92442,0,0,0,0,0,0,0,0,0,0,0,0,0,0,0,0,0,1,0,0,1
org.apache.commons.dbcp2.TestDelegatingCallableStatement#testRegisterOutParameterStringIntegerString,8,3,180.04982,11.406761,15.765193,60.01660666666667,3.8022536666666666,5.255064333333333,480.13285333333334,30.418029333333333,42.04051466666667,0,0,0,0,1,0,0,0,0,0,0,0,0,0,0,0,0,1,0,0,1
org.apache.commons.dbcp2.TestDelegatingDatabaseMetaData#testGetNumericFunctions,8,2,181.398926,11.423813,15.879017,90.699463,5.7119065,7.9395085,725.595704,45.695252,63.516068,0,0,0,0,1,0,0,0,0,0,0,0,0,0,0,0,0,1,0,0,0
org.apache.commons.dbcp2.TestDelegatingPreparedStatement#testSetBooleanIntegerBoolean,8,2,178.167694,11.379326,15.659374,89.083847,5.689663,7.829687,712.670776,45.517304,62.637496,0,0,0,0,1,0,0,0,0,0,0,0,0,0,0,0,0,1,0,0,0
org.apache.commons.dbcp2.TestDelegatingPreparedStatement#testSetNullIntegerInteger,8,3,178.855606,11.391779,15.67969,59.618535333333334,3.7972596666666667,5.226563333333334,476.94828266666667,30.378077333333334,41.81250666666667,0,0,0,0,1,0,0,0,0,0,0,0,0,0,0,0,0,1,0,0,1
org.apache.commons.dbcp2.TestDelegatingResultSet#testIsLast,8,2,182.166367,11.414478,15.983987,91.0831835,5.707239,7.9919935,728.665468,45.657912,63.935948,0,0,0,0,1,0,0,0,0,0,0,0,0,0,0,0,0,1,0,0,0
org.apache.commons.dbcp2.TestPoolableConnection#testFastFailValidationCustomCodes,21,9,167.731186,11.440585,14.624356,18.636798444444445,1.271176111111111,1.6249284444444445,391.3727673333334,26.694698333333335,34.12349733333334,2,1,0,0,0,0,0,2,0,0,0,0,0,0,0,0,0,1,0,0,3
org.apache.commons.dbcp2.TestDelegatingResultSet#testGetNClobString,8,3,186.232895,11.460511,16.249964,62.07763166666667,3.8201703333333334,5.416654666666666,496.62105333333335,30.561362666666668,43.33323733333333,0,0,0,0,1,0,0,0,0,0,0,0,0,0,0,0,0,1,0,0,1
org.apache.commons.dbcp2.TestDelegatingResultSet#testGetTimestampString,8,3,183.439209,11.420801,16.09664,61.146403,3.806933666666667,5.365546666666667,489.171224,30.455469333333337,42.924373333333335,0,0,0,0,1,0,0,0,0,0,0,0,0,0,0,0,0,1,0,0,1
org.apache.commons.dbcp2.TestDelegatingDatabaseMetaData#testSupportsIntegrityEnhancementFacility,8,2,174.559998,11.412659,15.286299,87.279999,5.7063295,7.6431495,698.239992,45.650636,61.145196,0,0,0,0,1,0,0,0,0,0,0,0,0,0,0,0,0,1,0,0,0
org.apache.commons.dbcp2.TestDelegatingDatabaseMetaData#testLocatorsUpdateCopy,8,2,173.07869,11.411739,15.156051,86.539345,5.7058695,7.5780255,692.31476,45.646956,60.624204,0,0,0,0,1,0,0,0,0,0,0,0,0,0,0,0,0,1,0,0,0
org.apache.commons.dbcp2.TestDelegatingDatabaseMetaData#testSupportsSubqueriesInIns,8,2,188.300903,11.504553,16.367511,94.1504515,5.7522765,8.1837555,753.203612,46.018212,65.470044,0,0,0,0,1,0,0,0,0,0,0,0,0,0,0,0,0,1,0,0,0
org.apache.commons.dbcp2.managed.TestBasicManagedDataSource#testXaDataSourceInstance,7,5,170.510284,11.455508,14.926773,34.1020568,2.2911016,2.9853546,238.7143976,16.0377112,20.8974822,1,1,0,0,0,0,0,0,0,0,0,0,0,0,0,0,0,1,0,0,2
org.apache.commons.dbcp2.TestDelegatingCallableStatement#testGetBooleanString,8,3,185.932785,11.418317,16.282231,61.977595,3.806105666666667,5.4274103333333334,495.82076,30.448845333333335,43.41928266666667,0,0,0,0,1,0,0,0,0,0,0,0,0,0,0,0,0,1,0,0,1
org.apache.commons.dbcp2.TestDelegatingCallableStatement#testGetObjectString,8,3,186.854919,11.52994,16.196808,62.284973,3.843313333333333,5.398936,498.279784,30.746506666666665,43.191488,0,0,0,0,1,0,0,0,0,0,0,0,0,0,0,0,0,1,0,0,1
org.apache.commons.dbcp2.TestDelegatingDatabaseMetaData#testSupportsCatalogsInIndexDefinitions,8,2,179.653473,11.442197,15.664275,89.8267365,5.7210985,7.8321375,718.613892,45.768788,62.6571,0,0,0,0,1,0,0,0,0,0,0,0,0,0,0,0,0,1,0,0,0
org.apache.commons.dbcp2.TestDelegatingDatabaseMetaData#testSupportsConvertIntegerInteger,8,3,198.235992,11.830157,16.711033,66.078664,3.9433856666666665,5.570344333333334,528.629312,31.54708533333333,44.56275466666667,0,0,0,0,1,0,0,0,0,0,0,0,0,0,0,0,0,1,0,0,1
org.apache.commons.dbcp2.datasources.TestPerUserPoolDataSource#testPerUserBlockWhenExhaustedWithUserMapInitialized,8,7,168.024658,11.42199,14.644744,24.00352257142857,1.631712857142857,2.092106285714286,192.02818057142855,13.053702857142856,16.736850285714286,3,1,0,0,0,0,0,0,0,0,0,0,0,0,0,0,1,0,0,0,2
org.apache.commons.dbcp2.TestDelegatingDatabaseMetaData#testOthersInsertsAreVisibleInteger,8,2,179.247635,11.461373,15.763289,89.6238175,5.7306865,7.8816445,716.99054,45.845492,63.053156,0,0,0,0,1,0,0,0,0,0,0,0,0,0,0,0,0,1,0,0,0
org.apache.commons.dbcp2.TestDelegatingCallableStatement#testSetCharacterStreamStringReader,8,3,183.007095,11.462607,15.965574,61.002365,3.820869,5.321858,488.01892,30.566952,42.574864,0,0,0,0,1,0,0,0,0,0,0,0,0,0,0,0,0,1,0,0,1
org.apache.commons.dbcp2.TestDelegatingCallableStatement#testGetRowIdString,8,3,189.852188,11.481167,16.480104,63.28406266666667,3.8270556666666664,5.493368,506.27250133333337,30.61644533333333,43.946944,0,0,0,0,1,0,0,0,0,0,0,0,0,0,0,0,0,1,0,0,1
org.apache.commons.dbcp2.TestBasicDataSource#testPoolCloseRTE,21,16,168.420868,11.438899,14.759558,10.52630425,0.7149311875,0.922472375,221.05238925000003,15.0135549375,19.371919875,3,1,0,0,0,0,0,2,0,0,0,0,0,0,0,0,0,1,0,0,9
org.apache.commons.dbcp2.datasources.TestPerUserPoolDataSource#testPerUserTestWhileIdleMapInitialized,12,7,173.479172,11.419499,15.067824,24.782738857142856,1.631357,2.1525462857142856,297.39286628571426,19.576283999999998,25.830555428571426,3,1,0,0,0,0,0,0,0,0,0,0,0,0,0,0,0,0,0,0,3
org.apache.commons.dbcp2.TestDelegatingDatabaseMetaData#testOthersDeletesAreVisibleInteger,8,2,185.900864,11.491896,16.147415,92.950432,5.745948,8.0737075,743.603456,45.967584,64.58966,0,0,0,0,1,0,0,0,0,0,0,0,0,0,0,0,0,1,0,0,0
org.apache.commons.dbcp2.TestAbandonedTrace#testDeprecated,4,2,162.363205,11.438483,14.165534,81.1816025,5.7192415,7.082767,324.72641,22.876966,28.331068,1,1,0,0,0,0,0,0,0,0,0,0,0,0,0,0,0,0,0,0,0
org.apache.commons.dbcp2.TestDelegatingCallableStatement#testSetStringStringString,8,2,187.17363,11.460047,16.350733,93.586815,5.7300235,8.1753665,748.69452,45.840188,65.402932,0,0,0,0,1,0,0,0,0,0,0,0,0,0,0,0,0,1,0,0,0
org.apache.commons.dbcp2.TestDelegatingDatabaseMetaData#testSupportsGetGeneratedKeys,8,2,186.52832,11.473197,16.257746,93.26416,5.7365985,8.128873,746.11328,45.892788,65.030984,0,0,0,0,1,0,0,0,0,0,0,0,0,0,0,0,0,1,0,0,0
org.apache.commons.dbcp2.TestDelegatingResultSet#testGetRowIdInteger,8,3,185.305588,11.451116,16.182316,61.76852933333333,3.817038666666667,5.394105333333333,494.14823466666667,30.536309333333335,43.152842666666665,0,0,0,0,1,0,0,0,0,0,0,0,0,0,0,0,0,1,0,0,1
org.apache.commons.dbcp2.datasources.TestPerUserPoolDataSource#testPerUserMethods,41,77,169.355087,11.413287,14.858692,2.1994167142857144,0.1482245064935065,0.19297002597402596,90.1760852857143,6.077204766233767,7.911771064935065,32,1,0,0,0,0,0,30,0,0,0,0,0,1,0,0,8,0,0,0,5
org.apache.commons.dbcp2.TestPoolingDriver#testClosePool,12,2,166.235672,11.394353,14.572297,83.117836,5.6971765,7.2861485,997.414032,68.36611800000001,87.43378200000001,1,0,0,0,0,0,0,0,0,0,0,0,0,0,0,0,0,1,0,0,0
org.apache.commons.dbcp2.TestDelegatingResultSet#testGetBytesString,8,3,184.215561,11.417432,16.08899,61.405187000000005,3.8058106666666665,5.362996666666667,491.24149600000004,30.44648533333333,42.90397333333333,0,0,0,0,1,0,0,0,0,0,0,0,0,0,0,0,0,1,0,0,1
org.apache.commons.dbcp2.TestDelegatingResultSet#testUpdateIntStringInteger,8,3,184.786636,11.432135,16.16379,61.59554533333333,3.8107116666666667,5.38793,492.7643626666666,30.485693333333334,43.10344,0,0,0,0,1,0,0,0,0,0,0,0,0,0,0,0,0,1,0,0,1
org.apache.commons.dbcp2.TestBasicDataSourceFactory#testAllProperties,22,5,167.613251,11.429293,14.70461,33.5226502,2.2858586,2.940922,737.4983043999999,50.2888892,64.70028400000001,1,0,0,0,0,0,0,1,1,0,0,0,0,0,0,0,0,1,0,0,1
org.apache.commons.dbcp2.TestDelegatingDatabaseMetaData#testSupportsCatalogsInProcedureCalls,8,2,186.417099,11.446799,16.258347,93.2085495,5.7233995,8.1291735,745.668396,45.787196,65.033388,0,0,0,0,1,0,0,0,0,0,0,0,0,0,0,0,0,1,0,0,0
org.apache.commons.dbcp2.TestDelegatingResultSet#testGetRowIdString,8,3,181.878647,11.414205,15.974356,60.62621566666667,3.8047350000000004,5.324785333333334,485.00972533333334,30.437880000000003,42.59828266666667,0,0,0,0,1,0,0,0,0,0,0,0,0,0,0,0,0,1,0,0,1
org.apache.commons.dbcp2.TestDelegatingCallableStatement#testRegisterOutParameterStringIntegerInteger,8,3,182.552261,11.433693,15.981782,60.85075366666666,3.811231,5.327260666666667,486.8060293333333,30.489848,42.61808533333333,0,0,0,0,1,0,0,0,0,0,0,0,0,0,0,0,0,1,0,0,1
org.apache.commons.dbcp2.TestBasicDataSource#testMaxConnLifetimeExceeded,18,25,174.794281,11.380685,15.489931,6.99177124,0.4552274,0.61959724,125.85188232000002,8.1940932,11.15275032,4,1,0,1,0,0,0,3,0,0,0,0,0,0,0,0,0,1,0,0,15
org.apache.commons.dbcp2.TestDelegatingResultSet#testUpdateClobIntegerReader,8,3,186.166534,11.469893,16.230887,62.055511333333335,3.823297666666667,5.410295666666666,496.4440906666667,30.586381333333335,43.28236533333333,0,0,0,0,1,0,0,0,0,0,0,0,0,0,0,0,0,1,0,0,1
org.apache.commons.dbcp2.TestDelegatingResultSet#testIsBeforeFirst,8,2,185.432266,11.460218,16.170854,92.716133,5.730109,8.085427,741.729064,45.840872,64.683416,0,0,0,0,1,0,0,0,0,0,0,0,0,0,0,0,0,1,0,0,0
org.apache.commons.dbcp2.TestDelegatingResultSet#testGetShortInteger,8,3,185.443939,11.462755,16.137177,61.814646333333336,3.820918333333333,5.379059000000001,494.5171706666667,30.567346666666666,43.032472000000006,0,0,0,0,1,0,0,0,0,0,0,0,0,0,0,0,0,1,0,0,1
org.apache.commons.dbcp2.TestDelegatingCallableStatement#testSetURLStringUrl,8,2,183.655273,11.456072,15.99699,91.8276365,5.728036,7.998495,734.621092,45.824288,63.98796,0,0,0,0,1,0,0,0,0,0,0,0,0,0,0,0,0,1,0,0,0
org.apache.commons.dbcp2.TestDelegatingResultSet#testGetDateIntegerCalendar,8,3,186.761566,11.48767,16.257567,62.25385533333333,3.829223333333333,5.419189,498.0308426666666,30.633786666666666,43.353512,0,0,0,0,1,0,0,0,0,0,0,0,0,0,0,0,0,1,0,0,1
org.apache.commons.dbcp2.TestDelegatingResultSet#testUpdateFloatStringFloat,8,3,189.548447,11.51201,16.450515,63.18281566666667,3.837336666666667,5.483505,505.46252533333336,30.698693333333335,43.86804,0,0,0,0,1,0,0,0,0,0,0,0,0,0,0,0,0,1,0,0,1
org.apache.commons.dbcp2.datasources.TestUserPassKey#testGettersAndSetters,5,3,160.117569,11.419347,14.021605,53.372523,3.806449,4.673868333333333,266.862615,19.032245,23.369341666666667,3,0,0,0,0,0,0,0,0,0,0,0,0,0,0,0,0,0,0,0,0
org.apache.commons.dbcp2.datasources.TestPerUserPoolDataSource#testPerUserMaxIdleWithUserMapNotInitializedMissingKey,5,5,169.00174,11.448833,14.654711,33.800348,2.2897666,2.9309422,169.00174,11.448833,14.654711,1,1,0,0,0,0,0,0,0,0,0,0,0,0,0,0,0,0,0,0,3
org.apache.commons.dbcp2.TestDelegatingResultSet#testDeleteRow,8,2,182.783432,11.473557,15.947698,91.391716,5.7367785,7.973849,731.133728,45.894228,63.790792,0,0,0,0,1,0,0,0,0,0,0,0,0,0,0,0,0,1,0,0,0
org.apache.commons.dbcp2.TestBasicDataSource#testDriverClassLoader,7,7,168.321915,11.4203,14.738834,24.045987857142855,1.6314714285714285,2.105547714285714,168.321915,11.4203,14.738834,3,1,0,0,0,0,0,0,0,0,0,0,0,0,0,0,0,0,0,0,3
org.apache.commons.dbcp2.TestPoolingConnection#testPrepareStatementWithResultSetConcurrency,11,5,162.370331,11.403048,14.22094,32.474066199999996,2.2806096,2.844188,357.2147282,25.086705600000002,31.286068000000004,3,0,0,0,0,0,0,0,0,0,0,0,0,0,0,0,0,1,0,0,1
org.apache.commons.dbcp2.TestPoolingConnection#testPrepareCallWithResultSetConcurrency,11,5,163.66507,11.375732,14.356626,32.733014,2.2751463999999997,2.8713252000000002,360.063154,25.0266104,31.584577200000002,3,0,0,0,0,0,0,0,0,0,0,0,0,0,0,0,0,1,0,0,1
org.apache.commons.dbcp2.TestDelegatingDatabaseMetaData#testSupportsResultSetTypeInteger,8,2,178.582153,11.383943,15.664302,89.2910765,5.6919715,7.832151,714.328612,45.535772,62.657208,0,0,0,0,1,0,0,0,0,0,0,0,0,0,0,0,0,1,0,0,0
org.apache.commons.dbcp2.TestDelegatingCallableStatement#testSetBytesStringByteArray,8,2,185.174133,11.446834,16.179093,92.5870665,5.723417,8.0895465,740.696532,45.787336,64.716372,0,0,0,0,1,0,0,0,0,0,0,0,0,0,0,0,0,1,0,0,0
org.apache.commons.dbcp2.datasources.TestPerUserPoolDataSource#testSimple2,42,21,168.914154,11.452575,14.857146,8.043531142857143,0.5453607142857143,0.7074831428571429,337.828308,22.90515,29.714292,14,0,0,0,0,0,0,0,0,0,0,0,0,1,0,0,4,1,0,0,1
org.apache.commons.dbcp2.TestDelegatingDatabaseMetaData#testSupportsANSI92FullSQL,8,2,181.472641,11.448263,15.851544,90.7363205,5.7241315,7.925772,725.890564,45.793052,63.406176,0,0,0,0,1,0,0,0,0,0,0,0,0,0,0,0,0,1,0,0,0
org.apache.commons.dbcp2.TestDelegatingResultSet#testUpdateNClobStringReaderLong,8,3,186.035431,11.436322,16.267069,62.01181033333333,3.8121073333333335,5.422356333333333,496.09448266666664,30.496858666666668,43.378850666666665,0,0,0,0,1,0,0,0,0,0,0,0,0,0,0,0,0,1,0,0,1
org.apache.commons.dbcp2.TestDelegatingCallableStatement#testSetBlobStringInputStream,8,3,180.042465,11.436645,15.756894,60.014154999999995,3.812215,5.252298000000001,480.11323999999996,30.49772,42.018384000000005,0,0,0,0,1,0,0,0,0,0,0,0,0,0,0,0,0,1,0,0,1
org.apache.commons.dbcp2.TestDelegatingDatabaseMetaData#testGetIdentifierQuoteString,8,2,188.1698,11.549526,16.453136,94.0849,5.774763,8.226568,752.6792,46.198104,65.812544,0,0,0,0,1,0,0,0,0,0,0,0,0,0,0,0,0,1,0,0,0
org.apache.commons.dbcp2.TestDelegatingDatabaseMetaData#testSupportsCatalogsInTableDefinitions,8,2,175.899078,11.460705,15.440163,87.949539,5.7303525,7.7200815,703.596312,45.84282,61.760652,0,0,0,0,1,0,0,0,0,0,0,0,0,0,0,0,0,1,0,0,0
org.apache.commons.dbcp2.datasources.TestPoolKey#testToString,4,8,164.737488,11.452286,14.362515,20.592186,1.43153575,1.795314375,82.368744,5.726143,7.1812575,2,1,0,0,0,0,0,0,0,0,0,0,4,0,0,0,0,0,0,0,1
org.apache.commons.dbcp2.TestDelegatingCallableStatement#testGetObjectIntegerMap,8,3,182.168381,11.442349,15.929894,60.72279366666667,3.814116333333333,5.309964666666667,485.78234933333334,30.512930666666666,42.47971733333333,0,0,0,0,1,0,0,0,0,0,0,0,0,0,0,0,0,1,0,0,1
org.apache.commons.dbcp2.datasources.TestPerUserPoolDataSource#testPerUserBlockWhenExhaustedMapNotInitializedMissingKey,7,4,169.974869,11.469143,14.82513,42.49371725,2.86728575,3.7062825,297.45602075000005,20.07100025,25.943977500000003,1,1,0,0,0,0,0,0,0,0,0,0,0,0,0,0,0,0,0,0,2
org.apache.commons.dbcp2.TestDelegatingResultSet#testUpdateByteIntegerByte,8,3,185.041794,11.455501,16.197702,61.680598,3.818500333333333,5.399234,493.444784,30.548002666666665,43.193872,0,0,0,0,1,0,0,0,0,0,0,0,0,0,0,0,0,1,0,0,1
org.apache.commons.dbcp2.TestDelegatingCallableStatement#testExecuteQueryReturnsNull,5,2,186.603363,11.476914,16.254736,93.3016815,5.738457,8.127368,466.5084075,28.692285000000002,40.63684,1,0,0,0,0,0,0,0,0,0,0,0,0,0,0,0,0,0,0,0,1
org.apache.commons.dbcp2.TestDelegatingCallableStatement#testSetSQLXMLStringSQLXML,8,2,182.201904,11.419983,15.96227,91.100952,5.7099915,7.981135,728.807616,45.679932,63.84908,0,0,0,0,1,0,0,0,0,0,0,0,0,0,0,0,0,1,0,0,0
org.apache.commons.dbcp2.managed.TestPoolableManagedConnection#testManagedConnection,10,12,166.593933,11.396003,14.682214,13.882827749999999,0.9496669166666667,1.2235178333333334,138.8282775,9.496669166666667,12.235178333333334,4,1,0,0,0,0,0,4,0,0,0,0,0,0,0,0,2,0,0,0,1
org.apache.commons.dbcp2.TestDelegatingCallableStatement#testGetDateInteger,8,3,181.833954,11.415274,15.956859,60.611318000000004,3.8050913333333334,5.318953,484.89054400000003,30.440730666666667,42.551624,0,0,0,0,1,0,0,0,0,0,0,0,0,0,0,0,0,1,0,0,1
org.apache.commons.dbcp2.TestDelegatingResultSet#testGetStatement,8,2,181.627167,11.395429,15.959217,90.8135835,5.6977145,7.9796085,726.508668,45.581716,63.836868,0,0,0,0,1,0,0,0,0,0,0,0,0,0,0,0,0,1,0,0,0
org.apache.commons.dbcp2.TestDelegatingDatabaseMetaData#testGetRowIdLifetime,8,2,172.278961,11.414131,15.145057,86.1394805,5.7070655,7.5725285,689.115844,45.656524,60.580228,0,0,0,0,1,0,0,0,0,0,0,0,0,0,0,0,0,1,0,0,0
org.apache.commons.dbcp2.TestDelegatingPreparedStatement#testSetNClobIntegerReaderLong,8,3,171.401703,11.355486,15.094177,57.133901,3.785162,5.031392333333334,457.071208,30.281296,40.25113866666667,0,0,0,0,1,0,0,0,0,0,0,0,0,0,0,0,0,1,0,0,1
org.apache.commons.dbcp2.TestPoolingDataSource#testPoolGuardConnectionWrapperEqualsNull,6,4,168.049469,11.4396,14.692691,42.01236725,2.8599,3.67317275,252.07420349999998,17.1594,22.0390365,1,1,0,0,0,0,0,0,0,0,0,0,0,0,0,0,0,0,0,0,2
org.apache.commons.dbcp2.TestDelegatingResultSet#testGetObjectStringClass,8,3,174.943512,11.369409,15.342937,58.314504,3.7898029999999996,5.114312333333333,466.516032,30.318423999999997,40.91449866666667,0,0,0,0,1,0,0,0,0,0,0,0,0,0,0,0,0,1,0,0,1
org.apache.commons.dbcp2.TestDriverConnectionFactory#testDriverConnectionFactoryToString,5,4,165.509537,11.511612,14.377616,41.37738425,2.877903,3.594404,206.88692124999997,14.389515,17.972019999999997,1,1,0,0,0,0,0,0,0,0,0,0,1,0,0,0,0,0,0,0,1
org.apache.commons.dbcp2.TestBasicDataSource#testTransactionIsolationBehavior,13,12,169.939667,11.430127,14.855001,14.161638916666666,0.9525105833333334,1.23791675,184.10130591666663,12.382637583333333,16.092917749999998,4,1,0,0,0,0,0,0,0,0,0,0,0,0,0,0,0,1,0,0,6
org.apache.commons.dbcp2.TestBasicDataSource#testEvict,23,38,165.754486,11.471271,14.449531,4.361960157894737,0.30187555263157895,0.3802508157894737,100.32508363157895,6.943137710526315,8.745768763157894,0,1,0,1,0,0,0,0,3,0,0,0,0,0,0,0,0,0,0,0,33
org.apache.commons.dbcp2.TestDelegatingCallableStatement#testGetRefString,8,3,185.38475,11.445149,16.265195,61.794916666666666,3.815049666666667,5.421731666666666,494.3593333333333,30.520397333333335,43.37385333333333,0,0,0,0,1,0,0,0,0,0,0,0,0,0,0,0,0,1,0,0,1
org.apache.commons.dbcp2.TestPoolingDataSource#testPoolGuardConnectionWrapperEqualsType,6,4,166.585358,11.377125,14.665931,41.6463395,2.84428125,3.66648275,249.87803700000003,17.0656875,21.9988965,1,1,0,0,0,0,0,0,0,0,0,0,0,0,0,0,0,0,0,0,2
org.apache.commons.dbcp2.TestDelegatingPreparedStatement#testClearParameters,8,2,180.255661,11.44758,15.74618,90.1278305,5.72379,7.87309,721.022644,45.79032,62.98472,0,0,0,0,1,0,0,0,0,0,0,0,0,0,0,0,0,1,0,0,0
org.apache.commons.dbcp2.TestBasicDataSource#testSetAutoCommitTrueOnClose,12,18,169.032181,11.383776,14.868591,9.390676722222222,0.632432,0.8260328333333333,112.68812066666668,7.5891839999999995,9.912394,5,1,0,0,0,0,0,0,0,0,0,0,0,0,0,0,0,0,0,0,12
org.apache.commons.dbcp2.managed.TestManagedDataSource#testSetTransactionRegistryAlreadySet,4,1,169.882202,11.445589,14.842592,169.882202,11.445589,14.842592,679.528808,45.782356,59.370368,0,0,0,0,0,0,0,0,0,0,0,0,0,0,0,0,0,0,0,0,1
org.apache.commons.dbcp2.TestDelegatingResultSet#testUpdateStringStringString,8,3,186.871536,11.722552,15.941199,62.290512,3.9075173333333333,5.313733,498.324096,31.260138666666666,42.509864,0,0,0,0,1,0,0,0,0,0,0,0,0,0,0,0,0,1,0,0,1
org.apache.commons.dbcp2.TestDelegatingPreparedStatement#testSetCharacterStreamIntegerReader,8,3,177.811432,11.380206,15.655267,59.27047733333333,3.793402,5.218422333333334,474.16381866666666,30.347216,41.74737866666667,0,0,0,0,1,0,0,0,0,0,0,0,0,0,0,0,0,1,0,0,1
org.apache.commons.dbcp2.TestDelegatingDatabaseMetaData#testSupportsTransactionIsolationLevelInteger,8,2,186.31842,11.491575,16.232876,93.15921,5.7457875,8.116438,745.27368,45.9663,64.931504,0,0,0,0,1,0,0,0,0,0,0,0,0,0,0,0,0,1,0,0,0
org.apache.commons.dbcp2.TestDelegatingResultSet#testUpdateClobStringClob,8,3,180.803268,11.385288,15.879018,60.267756,3.7950959999999996,5.293006,482.142048,30.360767999999997,42.344048,0,0,0,0,1,0,0,0,0,0,0,0,0,0,0,0,0,1,0,0,1
org.apache.commons.dbcp2.TestDelegatingDatabaseMetaData#testGetProcedureTerm,8,2,190.923035,11.817432,16.143156,95.4615175,5.908716,8.071578,763.69214,47.269728,64.572624,0,0,0,0,1,0,0,0,0,0,0,0,0,0,0,0,0,1,0,0,0
org.apache.commons.dbcp2.TestDelegatingResultSet#testGetArrayString,8,3,185.439606,11.400371,16.266102,61.813202,3.8001236666666665,5.422034,494.505616,30.40098933333333,43.376272,0,0,0,0,1,0,0,0,0,0,0,0,0,0,0,0,0,1,0,0,1
org.apache.commons.dbcp2.TestDelegatingResultSet#testGetObjectStringMap,8,3,182.550781,11.431912,15.968526,60.85026033333333,3.8106373333333337,5.3228420000000005,486.80208266666665,30.48509866666667,42.582736000000004,0,0,0,0,1,0,0,0,0,0,0,0,0,0,0,0,0,1,0,0,1
org.apache.commons.dbcp2.TestDelegatingCallableStatement#testSetBlobStringBlob,8,3,182.669571,11.423602,15.990541,60.889857,3.8078673333333337,5.330180333333334,487.118856,30.46293866666667,42.64144266666667,0,0,0,0,1,0,0,0,0,0,0,0,0,0,0,0,0,1,0,0,1
org.apache.commons.dbcp2.TestPStmtKey#testEquals,14,15,165.227966,11.42122,14.471795,11.015197733333334,0.7614146666666667,0.9647863333333333,154.21276826666667,10.659805333333333,13.507008666666668,11,1,0,0,0,1,0,0,0,0,0,0,0,1,0,0,0,0,0,0,1
org.apache.commons.dbcp2.datasources.TestPerUserPoolDataSource#testPerUserMinEvictableIdleTimeMillisWithUserMapInitialized,8,7,168.625748,11.438484,14.756583,24.08939257142857,1.634069142857143,2.1080832857142857,192.71514057142855,13.072553142857144,16.864666285714286,3,1,0,0,0,0,0,0,0,0,0,0,0,0,0,0,1,0,0,0,2
org.apache.commons.dbcp2.TestDelegatingDatabaseMetaData#testGetTableTypes,8,2,182.299377,11.435632,15.945971,91.1496885,5.717816,7.9729855,729.197508,45.742528,63.783884,0,0,0,0,1,0,0,0,0,0,0,0,0,0,0,0,0,1,0,0,0
org.apache.commons.dbcp2.TestDelegatingDatabaseMetaData#testSupportsCatalogsInPrivilegeDefinitions,8,2,178.79129,11.414454,15.663587,89.395645,5.707227,7.8317935,715.16516,45.657816,62.654348,0,0,0,0,1,0,0,0,0,0,0,0,0,0,0,0,0,1,0,0,0
org.apache.commons.dbcp2.datasources.TestPerUserPoolDataSource#testPerUserMaxTotalWithUserMapInitialized,8,7,169.347198,11.468762,14.754371,24.192456857142854,1.6383945714285715,2.107767285714286,193.53965485714284,13.107156571428572,16.862138285714288,3,1,0,0,0,0,0,0,0,0,0,0,0,0,0,0,1,0,0,0,2
org.apache.commons.dbcp2.TestDelegatingDatabaseMetaData#testAllProceduresAreCallable,8,2,181.768036,11.459346,15.862314,90.884018,5.729673,7.931157,727.072144,45.837384,63.449256,0,0,0,0,1,0,0,0,0,0,0,0,0,0,0,0,0,1,0,0,0
org.apache.commons.dbcp2.TestDelegatingResultSet#testWasNull,8,2,181.314041,11.429174,15.864142,90.6570205,5.714587,7.932071,725.256164,45.716696,63.456568,0,0,0,0,1,0,0,0,0,0,0,0,0,0,0,0,0,1,0,0,0
org.apache.commons.dbcp2.TestDelegatingResultSet#testUpdateDateStringSqlDate,8,3,186.330765,11.49022,16.264358,62.110255,3.8300733333333334,5.421452666666667,496.88204,30.640586666666668,43.37162133333334,0,0,0,0,1,0,0,0,0,0,0,0,0,0,0,0,0,1,0,0,1
org.apache.commons.dbcp2.TestPStmtKey#testCtorEquals,16,44,162.570297,11.411461,14.268094,3.6947794772727276,0.25935138636363636,0.32427486363636365,59.11647163636364,4.149622181818182,5.188397818181818,14,0,0,0,0,14,0,14,0,0,0,0,0,1,0,0,0,0,0,0,1
org.apache.commons.dbcp2.TestBasicDataSource#testIsWrapperFor,6,4,166.365005,11.393724,14.605869,41.59125125,2.848431,3.65146725,249.5475075,17.090586000000002,21.9088035,4,0,0,0,0,0,0,0,0,0,0,0,0,0,0,0,0,0,0,0,0
org.apache.commons.dbcp2.TestPoolableConnection#testIsDisconnectionSqlExceptionStackOverflow,2,3,183.43782,11.331185,16.188758,61.145939999999996,3.7770616666666665,5.396252666666666,122.29187999999999,7.554123333333333,10.792505333333333,2,0,0,0,0,0,0,0,1,0,0,0,0,0,0,0,0,0,0,0,0
org.apache.commons.dbcp2.TestDelegatingCallableStatement#testGetNClobString,8,3,183.48288,11.451711,16.044076,61.160959999999996,3.817237,5.348025333333333,489.28767999999997,30.537896,42.784202666666665,0,0,0,0,1,0,0,0,0,0,0,0,0,0,0,0,0,1,0,0,1
org.apache.commons.dbcp2.managed.TestBasicManagedDataSource#testSetDriverName,8,4,166.585754,11.410342,14.56007,41.6464385,2.8525855,3.6400175,333.171508,22.820684,29.12014,2,0,0,0,0,0,0,0,0,0,0,0,0,0,0,0,0,1,0,0,1
org.apache.commons.dbcp2.TestDelegatingDatabaseMetaData#testGetMaxRowSize,8,2,182.712784,11.43546,15.947466,91.356392,5.71773,7.973733,730.851136,45.74184,63.789864,0,0,0,0,1,0,0,0,0,0,0,0,0,0,0,0,0,1,0,0,0
org.apache.commons.dbcp2.TestConstants#testConstants,8,6,160.035843,11.400249,14.037925,26.6726405,1.9000415000000002,2.3396541666666666,213.381124,15.200332000000001,18.717233333333333,6,0,0,0,0,0,0,0,0,0,0,0,0,0,0,0,0,0,0,0,0
org.apache.commons.dbcp2.TestBasicDataSource#testMaxTotalZero,10,9,168.545532,11.423352,14.794924,18.727281333333334,1.2692613333333334,1.6438804444444444,187.27281333333335,12.692613333333332,16.438804444444443,1,1,0,0,0,0,0,0,0,0,0,0,0,0,0,0,0,1,0,0,6
org.apache.commons.dbcp2.TestDelegatingResultSet#testUpdateObjectStringObjectSQLTypeInteger,8,3,185.584793,11.470087,16.179893,61.86159766666666,3.8233623333333333,5.393297666666666,494.8927813333333,30.586898666666666,43.14638133333333,0,0,0,0,1,0,0,0,0,0,0,0,0,0,0,0,0,1,0,0,1
org.apache.commons.dbcp2.TestBasicDataSource#testConcurrentInitBorrow,14,29,176.008102,11.334059,15.457489,6.069244896551725,0.39082962068965516,0.5330168620689656,84.96942855172414,5.471614689655172,7.462236068965517,2,1,0,1,0,0,0,1,0,0,0,0,0,0,0,0,0,0,0,0,24
org.apache.commons.dbcp2.TestDelegatingDatabaseMetaData#testGetConnection,8,2,183.666412,11.425978,16.063592,91.833206,5.712989,8.031796,734.665648,45.703912,64.254368,0,0,0,0,1,0,0,0,0,0,0,0,0,0,0,0,0,1,0,0,0
org.apache.commons.dbcp2.TestDelegatingResultSet#testGetTimeIntegerCalendar,8,3,182.778229,11.414449,15.950454,60.926076333333334,3.804816333333333,5.3168180000000005,487.4086106666667,30.438530666666665,42.534544000000004,0,0,0,0,1,0,0,0,0,0,0,0,0,0,0,0,0,1,0,0,1
org.apache.commons.dbcp2.datasources.TestPerUserPoolDataSource#testUnregisteredUser,23,39,168.875412,11.420478,14.857138,4.33013876923077,0.29283276923076923,0.38095225641025643,99.5931916923077,6.735153692307692,8.761901897435898,16,1,0,0,0,0,0,14,0,0,0,0,0,0,0,0,4,0,0,0,4
org.apache.commons.dbcp2.TestDelegatingResultSet#testUpdateObjectIntegerObject,8,3,186.809448,11.470723,16.28576,62.269816,3.823574333333333,5.428586666666667,498.158528,30.588594666666665,43.428693333333335,0,0,0,0,1,0,0,0,0,0,0,0,0,0,0,0,0,1,0,0,1
org.apache.commons.dbcp2.datasources.TestPerUserPoolDataSource#testPerUserDurationBetweenEvictionRunsMapNotInitializedMissingKey,8,8,169.147995,11.442017,14.742385,21.143499375,1.430252125,1.842798125,169.147995,11.442017,14.742385,2,1,0,0,0,0,0,0,0,0,0,0,0,0,0,0,0,0,0,0,5
org.apache.commons.dbcp2.datasources.TestKeyedCPDSConnectionFactory#testNullValidationQuery,11,5,168.751526,11.404602,14.757561,33.7503052,2.2809204000000003,2.9515122000000003,371.25335720000004,25.0901244,32.4666342,0,1,0,0,1,0,0,0,0,0,0,0,0,0,0,0,0,1,0,0,2
org.apache.commons.dbcp2.managed.TestManagedDataSource#testManagedConnectionEqualsSameDelegate,14,5,165.418167,11.377998,14.541414,33.083633400000004,2.2755996,2.9082828,463.1708676,31.858394399999998,40.7159592,2,0,0,0,0,0,0,0,2,0,0,0,0,0,0,0,0,1,0,0,0
org.apache.commons.dbcp2.TestDelegatingDatabaseMetaData#testSupportsConvert,8,3,178.02832,11.436191,15.662745,59.342773333333334,3.812063666666667,5.220915,474.74218666666667,30.496509333333336,41.76732,0,0,0,0,1,0,0,0,0,0,0,0,0,0,0,0,0,1,0,0,1
org.apache.commons.dbcp2.datasources.TestPerUserPoolDataSource#testPerUserMaxIdleMapInitialized,12,7,171.293396,11.455745,14.944351,24.470485142857143,1.636535,2.1349072857142857,293.6458217142857,19.63842,25.618887428571426,3,1,0,0,0,0,0,0,0,0,0,0,0,0,0,0,0,0,0,0,3
org.apache.commons.dbcp2.TestDelegatingPreparedStatement#testSetTimestampIntegerTimestamp,8,3,177.229538,11.388515,15.562129,59.076512666666666,3.7961716666666665,5.187376333333334,472.6121013333333,30.369373333333332,41.49901066666667,0,0,0,0,1,0,0,0,0,0,0,0,0,0,0,0,0,1,0,0,1
org.apache.commons.dbcp2.managed.TestManagedDataSource#testManagedConnectionEqualsFail,7,2,168.217224,11.394804,14.659034,84.108612,5.697402,7.329517,588.760284,39.881814000000006,51.306619000000005,1,0,0,0,0,0,0,0,0,0,0,0,0,0,0,0,0,0,0,0,1
org.apache.commons.dbcp2.datasources.CharArrayTest#testEquals,4,4,160.030182,11.390379,14.056367,40.0075455,2.84759475,3.51409175,160.030182,11.390379,14.056367,2,0,0,0,0,1,0,0,0,0,0,0,0,0,0,0,0,0,0,0,1
org.apache.commons.dbcp2.TestDelegatingPreparedStatement#testSetObjectIntegerObjectSQLType,8,3,178.781235,11.413257,15.664348,59.593745000000006,3.8044189999999998,5.221449333333333,476.74996000000004,30.435351999999998,41.771594666666665,0,0,0,0,1,0,0,0,0,0,0,0,0,0,0,0,0,1,0,0,1
org.apache.commons.dbcp2.datasources.TestPerUserPoolDataSource#testPerUserEvictionPolicyClassNameWithUserMapNotInitializedMissingKey,5,5,169.844818,11.472248,14.839853,33.9689636,2.2944496,2.9679706,169.844818,11.472248,14.839853,1,1,0,0,0,0,0,0,0,0,0,0,0,0,0,0,0,0,0,0,3
org.apache.commons.dbcp2.TestDelegatingPreparedStatement#testSetClobIntegerReader,8,3,182.634537,11.441056,15.981934,60.878178999999996,3.8136853333333334,5.327311333333333,487.02543199999997,30.509482666666667,42.618490666666666,0,0,0,0,1,0,0,0,0,0,0,0,0,0,0,0,0,1,0,0,1
org.apache.commons.dbcp2.datasources.TestPerUserPoolDataSource#testPerUserMaxTotalMapInitialized,12,7,173.953003,11.812368,14.725733,24.850429,1.6874811428571428,2.1036761428571427,298.20514799999995,20.249773714285713,25.244113714285714,3,1,0,0,0,0,0,0,0,0,0,0,0,0,0,0,0,0,0,0,3
org.apache.commons.dbcp2.TestDelegatingResultSet#testUpdateNStringStringString,8,3,182.98378,11.455784,15.973047,60.994593333333334,3.8185946666666664,5.324349,487.9567466666667,30.54875733333333,42.594792,0,0,0,0,1,0,0,0,0,0,0,0,0,0,0,0,0,1,0,0,1
org.apache.commons.dbcp2.TestPStmtKey#testCtorStringStringArrayOfNullStrings,5,4,163.698441,11.388787,14.346174,40.92461025,2.84719675,3.5865435,204.62305125,14.23598375,17.9327175,1,1,0,0,0,0,0,0,0,0,0,0,0,0,0,0,0,0,0,0,2
org.apache.commons.dbcp2.TestDelegatingPreparedStatement#testSetBinaryStreamIntegerInputStreamInteger,8,3,180.320465,11.386908,15.842338,60.10682166666667,3.795636,5.280779333333333,480.85457333333335,30.365088,42.246234666666666,0,0,0,0,1,0,0,0,0,0,0,0,0,0,0,0,0,1,0,0,1
org.apache.commons.dbcp2.TestDelegatingResultSet#testGetObjectString,8,3,175.074768,11.45747,15.37922,58.358256000000004,3.8191566666666668,5.126406666666667,466.86604800000003,30.553253333333334,41.011253333333336,0,0,0,0,1,0,0,0,0,0,0,0,0,0,0,0,0,1,0,0,1
org.apache.commons.dbcp2.TestDelegatingCallableStatement#testGetLongInteger,8,3,183.120605,11.42575,16.13027,61.04020166666667,3.8085833333333334,5.376756666666666,488.32161333333335,30.468666666666667,43.01405333333333,0,0,0,0,1,0,0,0,0,0,0,0,0,0,0,0,0,1,0,0,1
org.apache.commons.dbcp2.TestDelegatingDatabaseMetaData#testNullsAreSortedAtStart,8,2,171.348541,11.363525,15.080188,85.6742705,5.6817625,7.540094,685.394164,45.4541,60.320752,0,0,0,0,1,0,0,0,0,0,0,0,0,0,0,0,0,1,0,0,0
org.apache.commons.dbcp2.TestDelegatingPreparedStatement#testSetNullIntegerIntegerString,8,3,177.300888,11.40677,15.594189,59.10029599999999,3.8022566666666666,5.198063,472.80236799999994,30.418053333333333,41.584504,0,0,0,0,1,0,0,0,0,0,0,0,0,0,0,0,0,1,0,0,1
org.apache.commons.dbcp2.TestPStmtKey#testCtorDifferentSchema,16,30,155.081009,11.444061,13.551222,5.169366966666667,0.3814687,0.4517074,82.70987146666667,6.1034992,7.2273184,14,0,0,0,0,0,0,14,0,0,0,0,0,1,0,0,0,0,0,0,1
org.apache.commons.dbcp2.TestDelegatingResultSet#testSetFetchDirectionInteger,8,2,183.303467,11.412569,16.061542,91.6517335,5.7062845,8.030771,733.213868,45.650276,64.246168,0,0,0,0,1,0,0,0,0,0,0,0,0,0,0,0,0,1,0,0,0
org.apache.commons.dbcp2.TestDelegatingResultSet#testUpdateBlobIntegerInputStream,8,3,184.920181,11.461368,16.259382,61.64006033333334,3.820456,5.419794,493.1204826666667,30.563648,43.358352,0,0,0,0,1,0,0,0,0,0,0,0,0,0,0,0,0,1,0,0,1
org.apache.commons.dbcp2.TestDelegatingDatabaseMetaData#testSupportsRefCursors,8,2,179.374817,11.395143,15.76379,89.6874085,5.6975715,7.881895,717.499268,45.580572,63.05516,0,0,0,0,1,0,0,0,0,0,0,0,0,0,0,0,0,1,0,0,0
org.apache.commons.dbcp2.TestDelegatingCallableStatement#testGetBigDecimalString,8,3,183.498795,11.418193,16.095652,61.166265,3.8060643333333335,5.365217333333334,489.33012,30.448514666666668,42.92173866666667,0,0,0,0,1,0,0,0,0,0,0,0,0,0,0,0,0,1,0,0,1
org.apache.commons.dbcp2.datasources.TestCPDSConnectionFactory#testConnectionErrorCleanup,35,39,164.420868,11.384719,14.455033,4.2159196923076925,0.29191587179487183,0.3706418717948718,147.55718923076924,10.217055512820513,12.972465512820513,16,1,0,0,0,0,0,13,0,0,0,0,0,1,0,0,5,1,0,0,2
org.apache.commons.dbcp2.TestDelegatingResultSet#testUpdateLongIntegerLong,8,3,186.268433,11.442533,16.278601,62.08947766666666,3.8141776666666662,5.426200333333333,496.7158213333333,30.51342133333333,43.409602666666665,0,0,0,0,1,0,0,0,0,0,0,0,0,0,0,0,0,1,0,0,1
org.apache.commons.dbcp2.datasources.TestPerUserPoolDataSource#testOpening,13,6,168.715302,11.442911,14.75656,28.119217000000003,1.9071518333333335,2.459426666666667,365.549821,24.792973833333335,31.972546666666666,2,0,0,0,0,0,0,0,3,0,0,0,0,0,0,0,0,0,0,0,1
org.apache.commons.dbcp2.TestDelegatingCallableStatement#testSetNClobStringReaderLong,8,3,184.366135,11.467081,16.059418,61.455378333333336,3.8223603333333336,5.353139333333334,491.6430266666667,30.57888266666667,42.82511466666667,0,0,0,0,1,0,0,0,0,0,0,0,0,0,0,0,0,1,0,0,1
org.apache.commons.dbcp2.TestDelegatingDatabaseMetaData#testSupportsANSI92EntryLevelSQL,8,2,186.145279,11.509628,16.178188,93.0726395,5.754814,8.089094,744.581116,46.038512,64.712752,0,0,0,0,1,0,0,0,0,0,0,0,0,0,0,0,0,1,0,0,0
org.apache.commons.dbcp2.TestDelegatingDatabaseMetaData#testGetJDBCMajorVersion,8,2,175.149551,11.435819,15.337198,87.5747755,5.7179095,7.668599,700.598204,45.743276,61.348792,0,0,0,0,1,0,0,0,0,0,0,0,0,0,0,0,0,1,0,0,0
org.apache.commons.dbcp2.TestDelegatingDatabaseMetaData#testSupportsSchemasInPrivilegeDefinitions,8,2,178.484467,11.398986,15.657925,89.2422335,5.699493,7.8289625,713.937868,45.595944,62.6317,0,0,0,0,1,0,0,0,0,0,0,0,0,0,0,0,0,1,0,0,0
org.apache.commons.dbcp2.datasources.TestPerUserPoolDataSource#testPerUserMinIdleMapInitialized,12,7,169.633804,11.430392,14.840593,24.23340057142857,1.6329131428571428,2.1200847142857144,290.80080685714285,19.594957714285712,25.44101657142857,3,1,0,0,0,0,0,0,0,0,0,0,0,0,0,0,0,0,0,0,3
org.apache.commons.dbcp2.TestDelegatingDatabaseMetaData#testSupportsTransactions,8,2,174.336945,11.430408,15.243865,87.1684725,5.715204,7.6219325,697.34778,45.721632,60.97546,0,0,0,0,1,0,0,0,0,0,0,0,0,0,0,0,0,1,0,0,0
org.apache.commons.dbcp2.TestBasicDataSourceFactory#testValidateProperties,27,10,166.342697,11.444322,14.45277,16.634269699999997,1.1444322,1.445277,449.1252819,30.8996694,39.022479,4,0,0,0,0,0,0,1,2,0,0,0,1,0,0,0,0,1,0,0,1
org.apache.commons.dbcp2.TestDelegatingDatabaseMetaData#testDataDefinitionIgnoredInTransactions,8,2,182.10173,11.465624,15.878364,91.050865,5.732812,7.939182,728.40692,45.862496,63.513456,0,0,0,0,1,0,0,0,0,0,0,0,0,0,0,0,0,1,0,0,0
org.apache.commons.dbcp2.TestDelegatingResultSet#testUpdateObjectStringObjectSQLType,8,3,181.275223,11.404323,15.864069,60.425074333333335,3.801441,5.288023,483.4005946666667,30.411528,42.304184,0,0,0,0,1,0,0,0,0,0,0,0,0,0,0,0,0,1,0,0,1
org.apache.commons.dbcp2.TestDelegatingResultSet#testUpdateObjectStringObject,8,3,184.982529,11.441906,16.167109,61.660843,3.8139686666666663,5.389036333333333,493.286744,30.51174933333333,43.11229066666667,0,0,0,0,1,0,0,0,0,0,0,0,0,0,0,0,0,1,0,0,1
org.apache.commons.dbcp2.TestDelegatingDatabaseMetaData#testGetDatabaseMinorVersion,8,2,184.030945,11.473078,16.103312,92.0154725,5.736539,8.051656,736.12378,45.892312,64.413248,0,0,0,0,1,0,0,0,0,0,0,0,0,0,0,0,0,1,0,0,0
org.apache.commons.dbcp2.TestDelegatingDatabaseMetaData#testCheckOpen,7,4,180.897018,11.457077,15.789107,45.2242545,2.86426925,3.94727675,316.56978150000003,20.04988475,27.630937250000002,2,1,0,0,0,0,0,0,0,0,0,0,0,0,0,0,0,0,0,0,1
org.apache.commons.dbcp2.TestDelegatingCallableStatement#testGetDoubleString,8,3,184.302963,11.440412,16.187171,61.434321000000004,3.813470666666667,5.395723666666666,491.47456800000003,30.507765333333335,43.16578933333333,0,0,0,0,1,0,0,0,0,0,0,0,0,0,0,0,0,1,0,0,1
org.apache.commons.dbcp2.TestDelegatingDatabaseMetaData#testUsesLocalFilePerTable,8,2,184.656326,11.496973,16.199991,92.328163,5.7484865,8.0999955,738.625304,45.987892,64.799964,0,0,0,0,1,0,0,0,0,0,0,0,0,0,0,0,0,1,0,0,0
org.apache.commons.dbcp2.TestDelegatingPreparedStatement#testGetMetaData,8,2,174.178864,11.38188,15.260326,87.089432,5.69094,7.630163,696.715456,45.52752,61.041304,0,0,0,0,1,0,0,0,0,0,0,0,0,0,0,0,0,1,0,0,0
org.apache.commons.dbcp2.TestDelegatingCallableStatement#testGetDateStringCalendar,8,3,184.528702,11.456049,16.066271,61.50956733333334,3.818683,5.355423666666667,492.0765386666667,30.549464,42.843389333333334,0,0,0,0,1,0,0,0,0,0,0,0,0,0,0,0,0,1,0,0,1
org.apache.commons.dbcp2.managed.TestBasicManagedDataSource#testTransactionSynchronizationRegistry,37,8,170.184235,11.396889,14.95311,21.273029375,1.424611125,1.86913875,787.1020868749999,52.710611625,69.15813375,0,1,0,0,1,0,0,0,0,0,0,0,0,1,0,0,0,1,0,0,4
org.apache.commons.dbcp2.TestDelegatingDatabaseMetaData#testSupportsGroupBy,8,2,183.567429,11.433088,16.062266,91.7837145,5.716544,8.031133,734.269716,45.732352,64.249064,0,0,0,0,1,0,0,0,0,0,0,0,0,0,0,0,0,1,0,0,0
org.apache.commons.dbcp2.TestDelegatingResultSet#testUpdateNClobIntegerReaderLong,8,3,181.53746,11.432014,15.879745,60.51248666666667,3.8106713333333335,5.2932483333333336,484.09989333333334,30.485370666666668,42.34598666666667,0,0,0,0,1,0,0,0,0,0,0,0,0,0,0,0,0,1,0,0,1
org.apache.commons.dbcp2.TestDelegatingCallableStatement#testGetFloatString,8,3,180.295685,11.43148,15.771858,60.09856166666666,3.8104933333333335,5.257286,480.7884933333333,30.483946666666668,42.058288,0,0,0,0,1,0,0,0,0,0,0,0,0,0,0,0,0,1,0,0,1
org.apache.commons.dbcp2.TestDelegatingDatabaseMetaData#testGetTimeDateFunctions,8,2,179.087646,11.446332,15.645854,89.543823,5.723166,7.822927,716.350584,45.785328,62.583416,0,0,0,0,1,0,0,0,0,0,0,0,0,0,0,0,0,1,0,0,0
org.apache.commons.dbcp2.TestDelegatingDatabaseMetaData#testOwnUpdatesAreVisibleInteger,8,2,185.180664,11.425614,16.177883,92.590332,5.712807,8.0889415,740.722656,45.702456,64.711532,0,0,0,0,1,0,0,0,0,0,0,0,0,0,0,0,0,1,0,0,0
org.apache.commons.dbcp2.TestDelegatingResultSet#testUpdateShortStringShort,8,3,184.550293,11.434692,16.149477,61.516764333333334,3.811564,5.383159,492.1341146666667,30.492512,43.065272,0,0,0,0,1,0,0,0,0,0,0,0,0,0,0,0,0,1,0,0,1
org.apache.commons.dbcp2.TestBasicDataSourceFactory#testProperties,5,3,165.392395,11.392769,14.540863,55.13079833333333,3.7975896666666666,4.846954333333334,275.6539916666667,18.987948333333332,24.234771666666667,0,0,0,0,1,0,0,0,0,0,0,0,0,0,0,0,0,1,0,0,1
org.apache.commons.dbcp2.TestDelegatingCallableStatement#testGetURLInteger,8,3,185.468307,11.458801,16.247283,61.822769,3.8196003333333333,5.415761,494.582152,30.556802666666666,43.326088,0,0,0,0,1,0,0,0,0,0,0,0,0,0,0,0,0,1,0,0,1
org.apache.commons.dbcp2.TestDelegatingDatabaseMetaData#testGetMaxCursorNameLength,8,2,182.866394,11.448555,15.947343,91.433197,5.7242775,7.9736715,731.465576,45.79422,63.789372,0,0,0,0,1,0,0,0,0,0,0,0,0,0,0,0,0,1,0,0,0
org.apache.commons.dbcp2.TestDelegatingDatabaseMetaData#testGetSystemFunctions,8,2,182.472458,11.479085,15.917186,91.236229,5.7395425,7.958593,729.889832,45.91634,63.668744,0,0,0,0,1,0,0,0,0,0,0,0,0,0,0,0,0,1,0,0,0
org.apache.commons.dbcp2.datasources.TestUserPassKey#testToString,4,7,164.492355,11.413484,14.361099,23.498907857142857,1.6304977142857144,2.0515855714285713,93.99563142857143,6.521990857142858,8.206342285714285,2,0,0,0,0,0,0,0,0,0,0,0,4,0,0,0,0,0,0,0,1
org.apache.commons.dbcp2.TestPoolingDriver#testInvalidateConnection,12,12,169.919037,11.414167,14.893322,14.15991975,0.9511805833333334,1.2411101666666666,169.919037,11.414167,14.893322,6,1,0,0,0,0,0,4,0,0,0,0,0,0,0,0,1,0,0,0,0
org.apache.commons.dbcp2.TestDelegatingResultSet#testGetNStringInteger,8,3,186.531448,11.464746,16.270003,62.17714933333334,3.821582,5.423334333333333,497.4171946666667,30.572656,43.386674666666664,0,0,0,0,1,0,0,0,0,0,0,0,0,0,0,0,0,1,0,0,1
org.apache.commons.dbcp2.TestDelegatingResultSet#testUpdateCharacterStreamStringReader,8,3,187.043839,11.447886,16.259089,62.34794633333333,3.8159620000000003,5.4196963333333334,498.78357066666666,30.527696000000002,43.35757066666667,0,0,0,0,1,0,0,0,0,0,0,0,0,0,0,0,0,1,0,0,1
org.apache.commons.dbcp2.TestDelegatingResultSet#testGetUnicodeStreamInteger,8,3,183.0047,11.445232,15.989601,61.00156666666667,3.8150773333333334,5.329867,488.01253333333335,30.520618666666667,42.638936,0,0,0,0,1,0,0,0,0,0,0,0,0,0,0,0,0,1,0,0,1
org.apache.commons.dbcp2.TestPoolingDataSource#testFixFactoryConfig,15,3,166.427246,11.401198,14.622537,55.47574866666667,3.8003993333333335,4.874179,832.13623,57.005990000000004,73.112685,1,1,0,0,0,0,0,0,0,0,0,0,0,0,0,0,0,0,0,0,1
org.apache.commons.dbcp2.TestDelegatingResultSet#testUpdateBooleanStringBoolean,8,3,184.097992,11.420138,16.129743,61.36599733333333,3.8067126666666664,5.376581000000001,490.92797866666666,30.45370133333333,43.012648000000006,0,0,0,0,1,0,0,0,0,0,0,0,0,0,0,0,0,1,0,0,1
org.apache.commons.dbcp2.managed.TestBasicManagedDataSource#testReallyClose,22,9,173.037292,11.475049,15.12782,19.22636577777778,1.2750054444444445,1.680868888888889,422.9800471111111,28.050119777777777,36.97911555555555,1,1,0,0,0,0,0,0,0,0,0,0,0,0,0,0,0,1,0,0,6
org.apache.commons.dbcp2.datasources.TestPerUserPoolDataSource#testPerUserMinEvictableIdleTimeMillisWithUserMapNotInitializedMissingKey,5,5,168.812607,11.439752,14.756666,33.762521400000004,2.2879504,2.9513331999999997,168.812607,11.439752,14.756666,1,1,0,0,0,0,0,0,0,0,0,0,0,0,0,0,0,0,0,0,3
org.apache.commons.dbcp2.TestDelegatingPreparedStatement#testSetStringIntegerString,8,2,182.036636,11.455765,15.876078,91.018318,5.7278825,7.938039,728.146544,45.82306,63.504312,0,0,0,0,1,0,0,0,0,0,0,0,0,0,0,0,0,1,0,0,0
org.apache.commons.dbcp2.TestDelegatingResultSet#testUpdateBinaryStreamStringInputStreamLong,8,3,184.607086,11.441542,16.131751,61.53569533333334,3.8138473333333334,5.3772503333333335,492.2855626666667,30.510778666666667,43.01800266666667,0,0,0,0,1,0,0,0,0,0,0,0,0,0,0,0,0,1,0,0,1
org.apache.commons.dbcp2.datasources.TestPerUserPoolDataSource#testPerUserTestOnReturnWithUserMapNotInitialized,5,4,169.098297,11.464888,14.736148,42.27457425,2.866222,3.684037,211.37287125,14.331109999999999,18.420185,1,1,0,0,0,0,0,0,0,0,0,0,0,0,0,0,0,0,0,0,2
org.apache.commons.dbcp2.TestDelegatingDatabaseMetaData#testSupportsGroupByBeyondSelect,8,2,179.6922,11.388446,15.778466,89.8461,5.694223,7.889233,718.7688,45.553784,63.113864,0,0,0,0,1,0,0,0,0,0,0,0,0,0,0,0,0,1,0,0,0
org.apache.commons.dbcp2.TestDelegatingResultSet#testGetCharacterStreamString,8,3,184.306,11.439109,16.050029,61.43533333333334,3.8130363333333332,5.350009666666666,491.4826666666667,30.504290666666666,42.80007733333333,0,0,0,0,1,0,0,0,0,0,0,0,0,0,0,0,0,1,0,0,1
org.apache.commons.dbcp2.TestDelegatingDatabaseMetaData#testUsesLocalFiles,8,2,183.915009,11.436894,16.090455,91.9575045,5.718447,8.0452275,735.660036,45.747576,64.36182,0,0,0,0,1,0,0,0,0,0,0,0,0,0,0,0,0,1,0,0,0
org.apache.commons.dbcp2.TestDelegatingResultSet#testGetClobString,8,3,184.16571,11.41501,16.133644,61.388569999999994,3.8050033333333335,5.377881333333334,491.10855999999995,30.440026666666668,43.02305066666667,0,0,0,0,1,0,0,0,0,0,0,0,0,0,0,0,0,1,0,0,1
org.apache.commons.dbcp2.TestDelegatingResultSet#testGetCursorName,8,2,186.253128,11.456573,16.274557,93.126564,5.7282865,8.1372785,745.012512,45.826292,65.098228,0,0,0,0,1,0,0,0,0,0,0,0,0,0,0,0,0,1,0,0,0
org.apache.commons.dbcp2.TestDelegatingPreparedStatement#testSetNStringIntegerString,8,2,168.800293,11.361556,14.842736,84.4001465,5.680778,7.421368,675.201172,45.446224,59.370944,0,0,0,0,1,0,0,0,0,0,0,0,0,0,0,0,0,1,0,0,0
org.apache.commons.dbcp2.TestBasicDataSource#testStart,22,30,167.774353,11.373417,14.684591,5.592478433333333,0.3791139,0.4894863666666666,123.03452553333334,8.3405058,10.768700066666668,6,1,0,0,0,0,0,1,0,0,0,0,0,0,0,0,1,0,0,0,21
org.apache.commons.dbcp2.TestDelegatingCallableStatement#testSetBinaryStreamStringInputStreamInteger,8,3,182.564011,11.438333,15.960718,60.85467033333333,3.812777666666667,5.320239333333333,486.83736266666665,30.502221333333335,42.56191466666667,0,0,0,0,1,0,0,0,0,0,0,0,0,0,0,0,0,1,0,0,1
org.apache.commons.dbcp2.managed.TestManagedDataSource#testManagedConnectionEqualsType,6,2,167.485291,11.419593,14.62388,83.7426455,5.7097965,7.31194,502.455873,34.258779000000004,43.87164,1,0,0,0,0,0,0,0,0,0,0,0,0,0,0,0,0,0,0,0,1
org.apache.commons.dbcp2.TestPStmtKey#testCtorStringStringArrayOfInts,8,5,161.328049,11.397905,14.153583,32.2656098,2.279581,2.8307165999999997,258.1248784,18.236648,22.645732799999998,2,1,0,0,0,0,0,0,0,0,0,0,0,0,0,0,0,0,0,0,2
org.apache.commons.dbcp2.TestDelegatingPreparedStatement#testSetObjectIntegerObjectIntegerInteger,8,3,179.962341,11.487702,15.729901,59.987447,3.829234,5.243300333333333,479.899576,30.633872,41.946402666666664,0,0,0,0,1,0,0,0,0,0,0,0,0,0,0,0,0,1,0,0,1
org.apache.commons.dbcp2.datasources.TestPerUserPoolDataSource#testPerUserTestWhileIdleMapNotInitialized,7,4,166.793579,11.393498,14.642705,41.69839475,2.8483745,3.66067625,291.88876325,19.9386215,25.62473375,1,1,0,0,0,0,0,0,0,0,0,0,0,0,0,0,0,0,0,0,2
org.apache.commons.dbcp2.TestDelegatingResultSet#testUpdateBinaryStreamIntegerInputStreamInteger,8,3,181.71933,11.442792,15.893327,60.57311000000001,3.814264,5.297775666666666,484.58488000000006,30.514112,42.38220533333333,0,0,0,0,1,0,0,0,0,0,0,0,0,0,0,0,0,1,0,0,1
org.apache.commons.dbcp2.datasources.TestPerUserPoolDataSource#testPerUserMinIdleWithUserMapNotInitialized,5,4,171.857208,11.483101,14.957651,42.964302,2.87077525,3.73941275,214.82151000000002,14.353876249999999,18.697063749999998,1,1,0,0,0,0,0,0,0,0,0,0,0,0,0,0,0,0,0,0,2
org.apache.commons.dbcp2.TestDelegatingCallableStatement#testRegisterOutParameterStringInteger,8,3,184.263992,11.436595,16.074552,61.42133066666667,3.8121983333333334,5.3581840000000005,491.37064533333336,30.497586666666667,42.865472000000004,0,0,0,0,1,0,0,0,0,0,0,0,0,0,0,0,0,1,0,0,1
org.apache.commons.dbcp2.TestDelegatingResultSet#testUpdateNStringIntegerString,8,3,186.074707,11.448419,16.291708,62.02490233333333,3.8161396666666665,5.430569333333334,496.19921866666664,30.529117333333332,43.44455466666667,0,0,0,0,1,0,0,0,0,0,0,0,0,0,0,0,0,1,0,0,1
org.apache.commons.dbcp2.TestDelegatingCallableStatement#testGetBigDecimalIntegerInteger,8,3,180.666458,11.440035,15.830334,60.222152666666666,3.813345,5.276778,481.77722133333333,30.50676,42.214224,0,0,0,0,1,0,0,0,0,0,0,0,0,0,0,0,0,1,0,0,1
org.apache.commons.dbcp2.TestBasicDataSource#testValidationQueryTimeoutSucceed,7,15,174.16571,11.450899,15.17098,11.611047333333333,0.7633932666666666,1.0113986666666668,81.27733133333334,5.343752866666667,7.079790666666667,0,1,0,0,1,0,0,0,0,0,0,0,0,0,0,0,0,1,0,0,12
org.apache.commons.dbcp2.TestDelegatingResultSet#testGetAsciiStreamString,8,3,184.376068,11.432968,16.165255,61.45868933333333,3.8109893333333336,5.388418333333333,491.66951466666666,30.48791466666667,43.107346666666665,0,0,0,0,1,0,0,0,0,0,0,0,0,0,0,0,0,1,0,0,1
org.apache.commons.dbcp2.TestDelegatingDatabaseMetaData#testGetJDBCMinorVersion,8,2,180.031693,11.400872,15.791702,90.0158465,5.700436,7.895851,720.126772,45.603488,63.166808,0,0,0,0,1,0,0,0,0,0,0,0,0,0,0,0,0,1,0,0,0
org.apache.commons.dbcp2.TestDelegatingDatabaseMetaData#testSupportsOpenCursorsAcrossCommit,8,2,174.325119,11.434709,15.24145,87.1625595,5.7173545,7.620725,697.300476,45.738836,60.9658,0,0,0,0,1,0,0,0,0,0,0,0,0,0,0,0,0,1,0,0,0
org.apache.commons.dbcp2.TestDelegatingResultSet#testUpdateDoubleStringDouble,8,3,184.334808,11.457657,16.065975,61.444936000000006,3.819219,5.355325000000001,491.55948800000004,30.553752,42.842600000000004,0,0,0,0,1,0,0,0,0,0,0,0,0,0,0,0,0,1,0,0,1
org.apache.commons.dbcp2.datasources.TestPerUserPoolDataSource#testPerUserDefaultTransactionIsolationWithUserMapInitialized,8,7,167.992722,11.447139,14.675521,23.998960285714283,1.6353055714285714,2.096503,191.99168228571426,13.08244457142857,16.772024,3,1,0,0,0,0,0,0,0,0,0,0,0,0,0,0,1,0,0,0,2
org.apache.commons.dbcp2.TestDelegatingCallableStatement#testRegisterOutParameterStringSQLTypeInteger,8,3,185.102081,11.499407,16.096663,61.700693666666666,3.8331356666666667,5.365554333333333,493.60554933333333,30.665085333333334,42.92443466666666,0,0,0,0,1,0,0,0,0,0,0,0,0,0,0,0,0,1,0,0,1
org.apache.commons.dbcp2.managed.TestBasicManagedDataSource#testSetRollbackOnlyBeforeGetConnectionDoesNotLeak,16,8,169.9216,11.424017,14.940874,21.2402,1.428002125,1.86760925,339.8432,22.848034,29.881748,3,0,0,0,0,0,0,2,1,0,0,0,0,0,0,0,0,1,0,0,1
org.apache.commons.dbcp2.TestDelegatingDatabaseMetaData#testOwnInsertsAreVisibleInteger,8,2,183.407379,11.440217,16.032789,91.7036895,5.7201085,8.0163945,733.629516,45.760868,64.131156,0,0,0,0,1,0,0,0,0,0,0,0,0,0,0,0,0,1,0,0,0
org.apache.commons.dbcp2.TestBasicDataSource#testIsClosedFailure,15,19,169.529236,11.431147,14.858034,8.922591368421052,0.6016393157894736,0.7820017894736843,133.8388705263158,9.024589736842104,11.730026842105264,3,1,0,0,0,0,0,2,0,0,0,0,0,0,0,0,0,1,0,0,12
org.apache.commons.dbcp2.TestDelegatingResultSet#testGetArrayInteger,8,3,177.078842,11.455188,15.458396,59.02628066666667,3.818396,5.1527986666666665,472.2102453333334,30.547168,41.22238933333333,0,0,0,0,1,0,0,0,0,0,0,0,0,0,0,0,0,1,0,0,1
org.apache.commons.dbcp2.TestUtils#testClassLoads,3,1,159.756409,11.41315,14.037651,159.756409,11.41315,14.037651,479.269227,34.239450000000005,42.112953000000005,0,0,0,0,1,0,0,0,0,0,0,0,0,0,0,0,0,0,0,0,0
org.apache.commons.dbcp2.TestDelegatingPreparedStatement#testGetParameterMetaData,8,2,179.427567,11.467003,15.648424,89.7137835,5.7335015,7.824212,717.710268,45.868012,62.593696,0,0,0,0,1,0,0,0,0,0,0,0,0,0,0,0,0,1,0,0,0
org.apache.commons.dbcp2.datasources.TestPerUserPoolDataSource#testPerUserDefaultAutoCommitWithUserMapNotInitialized,5,4,170.110489,11.442478,14.840935,42.52762225,2.8606195,3.71023375,212.63811124999998,14.303097499999998,18.55116875,1,1,0,0,0,0,0,0,0,0,0,0,0,0,0,0,0,0,0,0,2
org.apache.commons.dbcp2.TestDelegatingDatabaseMetaData#testSupportsLikeEscapeClause,8,2,183.544006,11.414425,16.080004,91.772003,5.7072125,8.040002,734.176024,45.6577,64.320016,0,0,0,0,1,0,0,0,0,0,0,0,0,0,0,0,0,1,0,0,0
org.apache.commons.dbcp2.TestBasicDataSource#testUnwrap,6,2,166.162155,11.421882,14.547704,83.0810775,5.710941,7.273852,498.48646500000007,34.265646000000004,43.643112,2,0,0,0,0,0,0,0,0,0,0,0,0,0,0,0,0,0,0,0,0
org.apache.commons.dbcp2.datasources.TestPerUserPoolDataSource#testPerUserMaxTotalWithUserMapNotInitialized,5,4,169.899323,11.433616,14.85709,42.47483075,2.858404,3.7142725,212.37415375,14.29202,18.5713625,1,1,0,0,0,0,0,0,0,0,0,0,0,0,0,0,0,0,0,0,2
org.apache.commons.dbcp2.TestDelegatingResultSet#testGetDateInteger,8,3,183.759003,11.475686,15.99563,61.253001000000005,3.8252286666666664,5.331876666666667,490.02400800000004,30.60182933333333,42.655013333333336,0,0,0,0,1,0,0,0,0,0,0,0,0,0,0,0,0,1,0,0,1
org.apache.commons.dbcp2.TestDelegatingDatabaseMetaData#testSupportsSchemasInTableDefinitions,8,2,179.443848,11.411058,15.7632,89.721924,5.705529,7.8816,717.775392,45.644232,63.0528,0,0,0,0,1,0,0,0,0,0,0,0,0,0,0,0,0,1,0,0,0
org.apache.commons.dbcp2.TestDelegatingDatabaseMetaData#testSupportsSchemasInProcedureCalls,8,2,181.84285,11.422453,15.951582,90.921425,5.7112265,7.975791,727.3714,45.689812,63.806328,0,0,0,0,1,0,0,0,0,0,0,0,0,0,0,0,0,1,0,0,0
org.apache.commons.dbcp2.TestDelegatingCallableStatement#testSetCharacterStreamStringReaderInteger,8,3,185.850845,11.48798,16.172244,61.95028166666666,3.8293266666666668,5.390747999999999,495.6022533333333,30.634613333333334,43.125983999999995,0,0,0,0,1,0,0,0,0,0,0,0,0,0,0,0,0,1,0,0,1
org.apache.commons.dbcp2.TestDelegatingResultSet#testAbsolutes,8,3,181.006912,11.411218,15.895773,60.33563733333333,3.803739333333333,5.298591,482.68509866666665,30.429914666666665,42.388728,0,0,0,0,1,0,0,0,0,0,0,0,0,0,0,0,0,1,0,0,1
org.apache.commons.dbcp2.TestDelegatingResultSet#testUpdateAsciiStreamStringInputStreamLong,8,3,180.253616,11.448563,15.74465,60.08453866666667,3.8161876666666665,5.248216666666667,480.67630933333334,30.529501333333332,41.985733333333336,0,0,0,0,1,0,0,0,0,0,0,0,0,0,0,0,0,1,0,0,1
org.apache.commons.dbcp2.TestDelegatingResultSet#testUpdateBytesStringByteArray,8,3,184.556656,11.492805,16.058452,61.51888533333334,3.830935,5.352817333333333,492.1510826666667,30.64748,42.82253866666667,0,0,0,0,1,0,0,0,0,0,0,0,0,0,0,0,0,1,0,0,1
org.apache.commons.dbcp2.TestDelegatingPreparedStatement#testSetNCharacterStreamIntegerReader,8,3,181.681595,11.501874,15.864625,60.56053166666666,3.8339580000000004,5.288208333333333,484.4842533333333,30.671664000000003,42.30566666666667,0,0,0,0,1,0,0,0,0,0,0,0,0,0,0,0,0,1,0,0,1
org.apache.commons.dbcp2.TestDelegatingDatabaseMetaData#testSupportsStoredFunctionsUsingCallSyntax,8,2,183.266785,11.441516,16.056006,91.6333925,5.720758,8.028003,733.06714,45.766064,64.224024,0,0,0,0,1,0,0,0,0,0,0,0,0,0,0,0,0,1,0,0,0
org.apache.commons.dbcp2.TestDelegatingResultSet#testUpdateAsciiStreamIntegerInputStreamLong,8,3,172.872971,11.425644,15.168683,57.62432366666667,3.808548,5.056227666666667,460.99458933333335,30.468384,40.44982133333333,0,0,0,0,1,0,0,0,0,0,0,0,0,0,0,0,0,1,0,0,1
org.apache.commons.dbcp2.TestBasicDataSource#testClose,28,29,169.737823,11.470556,14.767253,5.853028379310344,0.39553641379310345,0.5092156206896552,163.88479462068963,11.075019586206896,14.258037379310343,11,1,0,0,0,0,0,0,0,0,0,0,0,1,0,0,3,1,0,0,12
org.apache.commons.dbcp2.TestPoolableConnection#testPoolableConnectionLeak,10,4,157.017654,11.374744,13.840255,39.2544135,2.843686,3.46006375,392.544135,28.43686,34.6006375,1,0,0,0,0,0,0,1,0,0,0,0,0,0,0,0,0,1,0,0,1
org.apache.commons.dbcp2.datasources.TestPerUserPoolDataSource#testPerUserMinIdleWithUserMapNotInitializedMissingKey,5,5,159.695358,11.387022,14.024331,31.9390716,2.2774044,2.8048662,159.695358,11.387022,14.024331,1,1,0,0,0,0,0,0,0,0,0,0,0,0,0,0,0,0,0,0,3
org.apache.commons.dbcp2.managed.TestManagedDataSource#testConnectionReturnOnCommit,9,7,168.793015,11.403832,14.747125,24.113287857142858,1.629118857142857,2.106732142857143,217.0195907142857,14.662069714285714,18.960589285714285,3,0,0,0,0,0,0,3,0,0,0,0,0,0,0,0,0,1,0,0,0
org.apache.commons.dbcp2.TestDelegatingPreparedStatement#testSetClobIntegerReaderLong,8,3,172.223389,11.380583,15.178372,57.40779633333333,3.7935276666666664,5.0594573333333335,459.26237066666664,30.34822133333333,40.47565866666667,0,0,0,0,1,0,0,0,0,0,0,0,0,0,0,0,0,1,0,0,1
org.apache.commons.dbcp2.TestDelegatingCallableStatement#testGetObjectStringClass,8,3,196.01503,11.838173,16.557878,65.33834333333333,3.9460576666666665,5.519292666666666,522.7067466666666,31.56846133333333,44.15434133333333,0,0,0,0,1,0,0,0,0,0,0,0,0,0,0,0,0,1,0,0,1
org.apache.commons.dbcp2.TestDelegatingResultSet#testGetDateStringCalendar,8,3,180.607269,11.382151,15.867587,60.202423,3.7940503333333333,5.289195666666667,481.619384,30.352402666666666,42.31356533333334,0,0,0,0,1,0,0,0,0,0,0,0,0,0,0,0,0,1,0,0,1
org.apache.commons.dbcp2.TestDelegatingDatabaseMetaData#testGetSQLKeywords,8,2,183.545929,11.419889,16.048308,91.7729645,5.7099445,8.024154,734.183716,45.679556,64.193232,0,0,0,0,1,0,0,0,0,0,0,0,0,0,0,0,0,1,0,0,0
org.apache.commons.dbcp2.TestDelegatingResultSet#testUpdateRowIdStringRowId,8,3,182.834091,11.395232,15.964017,60.944697,3.798410666666667,5.321339,487.557576,30.387285333333335,42.570712,0,0,0,0,1,0,0,0,0,0,0,0,0,0,0,0,0,1,0,0,1
org.apache.commons.dbcp2.TestBasicDataSourceMXBean#testDefaultSchema,3,1,166.434708,11.398487,14.468153,166.434708,11.398487,14.468153,499.304124,34.195461,43.404459,1,0,0,0,0,0,0,0,0,0,0,0,0,0,0,0,0,0,0,0,0
org.apache.commons.dbcp2.datasources.TestPerUserPoolDataSource#testPerUserDefaultReadOnlyMapNotInitialized,7,4,169.341812,11.459254,14.799262,42.335453,2.8648135,3.6998155,296.34817100000004,20.0536945,25.8987085,1,1,0,0,0,0,0,0,0,0,0,0,0,0,0,0,0,0,0,0,2
org.apache.commons.dbcp2.TestDelegatingResultSet#testGetBinaryStreamInteger,8,3,179.340973,11.402473,15.662539,59.78032433333333,3.8008243333333334,5.220846333333333,478.24259466666666,30.406594666666667,41.766770666666666,0,0,0,0,1,0,0,0,0,0,0,0,0,0,0,0,0,1,0,0,1
org.apache.commons.dbcp2.TestDelegatingDatabaseMetaData#testGetCatalogTerm,8,2,184.979279,11.475201,16.163921,92.4896395,5.7376005,8.0819605,739.917116,45.900804,64.655684,0,0,0,0,1,0,0,0,0,0,0,0,0,0,0,0,0,1,0,0,0
org.apache.commons.dbcp2.TestDelegatingCallableStatement#testGetNStringInteger,8,3,175.735535,11.428179,15.377387,58.578511666666664,3.809393,5.125795666666667,468.6280933333333,30.475144,41.006365333333335,0,0,0,0,1,0,0,0,0,0,0,0,0,0,0,0,0,1,0,0,1
org.apache.commons.dbcp2.datasources.TestPerUserPoolDataSource#testPerUserTestOnBorrowWithUserMapNotInitialized,5,4,157.579498,11.395106,13.874569,39.3948745,2.8487765,3.46864225,196.9743725,14.2438825,17.34321125,1,1,0,0,0,0,0,0,0,0,0,0,0,0,0,0,0,0,0,0,2
org.apache.commons.dbcp2.TestDelegatingPreparedStatement#testSetBlobIntegerInputStreamLong,8,3,178.252304,11.447012,15.547273,59.41743466666667,3.815670666666667,5.1824243333333335,475.3394773333334,30.525365333333337,41.45939466666667,0,0,0,0,1,0,0,0,0,0,0,0,0,0,0,0,0,1,0,0,1
org.apache.commons.dbcp2.TestDelegatingDatabaseMetaData#testGetFunctionsStringStringString,8,2,187.242935,11.498743,16.283774,93.6214675,5.7493715,8.141887,748.97174,45.994972,65.135096,0,0,0,0,1,0,0,0,0,0,0,0,0,0,0,0,0,1,0,0,0
org.apache.commons.dbcp2.TestDelegatingPreparedStatement#testSetObjectIntegerObjectInteger,8,3,179.16658,11.459209,15.630261,59.72219333333334,3.819736333333333,5.210087000000001,477.7775466666667,30.557890666666665,41.680696000000005,0,0,0,0,1,0,0,0,0,0,0,0,0,0,0,0,0,1,0,0,1
org.apache.commons.dbcp2.TestDelegatingResultSet#testCancelRowUpdates,8,2,181.40361,11.416423,15.878324,90.701805,5.7082115,7.939162,725.61444,45.665692,63.513296,0,0,0,0,1,0,0,0,0,0,0,0,0,0,0,0,0,1,0,0,0
org.apache.commons.dbcp2.TestDelegatingResultSet#testGetStringInteger,8,3,183.841583,11.465106,16.034879,61.28052766666667,3.821702,5.344959666666667,490.24422133333337,30.573616,42.759677333333336,0,0,0,0,1,0,0,0,0,0,0,0,0,0,0,0,0,1,0,0,1
org.apache.commons.dbcp2.TestDelegatingResultSet#testAbsoluteInteger,8,3,181.421143,11.422904,15.910044,60.473714333333334,3.807634666666667,5.303348,483.78971466666667,30.461077333333336,42.426784,0,0,0,0,1,0,0,0,0,0,0,0,0,0,0,0,0,1,0,0,1
org.apache.commons.dbcp2.TestDelegatingPreparedStatement#testSetTimestampIntegerTimestampCalendar,8,3,180.057831,11.410954,15.77272,60.019276999999995,3.8036513333333333,5.257573333333333,480.15421599999996,30.429210666666666,42.060586666666666,0,0,0,0,1,0,0,0,0,0,0,0,0,0,0,0,0,1,0,0,1
org.apache.commons.dbcp2.TestDelegatingResultSet#testFindColumnString,8,2,182.305847,11.391108,16.05134,91.1529235,5.695554,8.02567,729.223388,45.564432,64.20536,0,0,0,0,1,0,0,0,0,0,0,0,0,0,0,0,0,1,0,0,0
org.apache.commons.dbcp2.TestDelegatingCallableStatement#testExecuteQueryReturnsNotNull,5,2,187.088943,11.482731,16.375792,93.5444715,5.7413655,8.187896,467.7223575,28.706827499999996,40.939479999999996,1,0,0,0,0,0,0,0,0,0,0,0,0,0,0,0,0,0,0,0,1
org.apache.commons.dbcp2.datasources.TestPerUserPoolDataSource#testPerUserMaxTotalMapNotInitializedMissingKey,7,5,169.811539,11.421759,14.809939,33.962307800000005,2.2843518,2.9619878,237.73615460000002,15.990462599999999,20.7339146,1,1,0,0,0,0,0,0,0,0,0,0,0,0,0,0,0,0,0,0,3
org.apache.commons.dbcp2.datasources.TestPerUserPoolDataSource#testPerUserDefaultTransactionIsolationMapInitialized,12,6,160.033798,11.403914,14.041536,26.672299666666664,1.9006523333333334,2.340256,320.067596,22.807828,28.083072,3,1,0,0,0,0,0,0,0,0,0,0,0,0,0,0,0,0,0,0,2
org.apache.commons.dbcp2.TestDelegatingDatabaseMetaData#testGetTablePrivilegesStringStringString,8,2,180.616821,11.45389,15.769037,90.3084105,5.726945,7.8845185,722.467284,45.81556,63.076148,0,0,0,0,1,0,0,0,0,0,0,0,0,0,0,0,0,1,0,0,0
org.apache.commons.dbcp2.datasources.TestPerUserPoolDataSource#testPerUserSoftMinEvictableIdleDurationMapNotInitialized,8,6,168.887024,11.436407,14.771238,28.14783733333333,1.9060678333333334,2.461873,225.18269866666665,15.248542666666667,19.694984,2,1,0,0,0,0,0,0,0,0,0,0,0,0,0,0,0,0,0,0,3
org.apache.commons.dbcp2.TestDelegatingCallableStatement#testRegisterOutParameterIntegerInteger,8,3,185.637238,11.495197,16.129396,61.87907933333333,3.831732333333333,5.376465333333333,495.03263466666664,30.653858666666665,43.011722666666664,0,0,0,0,1,0,0,0,0,0,0,0,0,0,0,0,0,1,0,0,1
org.apache.commons.dbcp2.datasources.TestPerUserPoolDataSource#testPerUserMinEvictableIdleDurationMapInitialized,15,12,170.460571,11.476307,14.85326,14.205047583333332,0.9563589166666667,1.2377716666666667,213.07571374999998,14.34538375,18.566575,6,1,0,0,0,0,0,0,0,0,0,0,0,0,0,0,0,0,0,0,5
org.apache.commons.dbcp2.datasources.TestPerUserPoolDataSource#testPerUserTestWhileIdleWithUserMapInitialized,8,7,168.08107,11.407622,14.723879,24.01158142857143,1.6296602857142857,2.103411285714286,192.09265142857143,13.037282285714285,16.827290285714287,3,1,0,0,0,0,0,0,0,0,0,0,0,0,0,0,1,0,0,0,2
org.apache.commons.dbcp2.TestDelegatingCallableStatement#testRegisterOutParameterIntegerSQLType,8,3,184.639496,11.442953,16.180517,61.54649866666667,3.8143176666666663,5.393505666666666,492.3719893333334,30.51454133333333,43.14804533333333,0,0,0,0,1,0,0,0,0,0,0,0,0,0,0,0,0,1,0,0,1
org.apache.commons.dbcp2.TestBasicDataSource#testRollbackReadOnly,7,14,167.43367,11.392631,14.712519,11.959547857142857,0.8137593571428571,1.0508942142857143,83.716835,5.6963155,7.3562595,1,1,0,0,0,0,0,0,0,0,0,0,0,0,0,0,0,0,0,0,12
org.apache.commons.dbcp2.TestDelegatingResultSet#testGetRefInteger,8,3,184.599472,11.414654,16.15373,61.53315733333333,3.8048846666666667,5.384576666666667,492.2652586666666,30.439077333333334,43.076613333333334,0,0,0,0,1,0,0,0,0,0,0,0,0,0,0,0,0,1,0,0,1
org.apache.commons.dbcp2.TestBasicDataSource#testValidationQueryTimoutFail,12,12,170.462891,11.410781,14.938758,14.205240916666668,0.9508984166666666,1.2448965,170.462891,11.410781,14.938758,0,1,0,0,0,0,0,0,1,0,0,0,0,0,0,0,0,1,0,0,9
org.apache.commons.dbcp2.TestDelegatingDatabaseMetaData#testSupportsSavepoints,8,2,183.635315,11.453594,15.959688,91.8176575,5.726797,7.979844,734.54126,45.814376,63.838752,0,0,0,0,1,0,0,0,0,0,0,0,0,0,0,0,0,1,0,0,0
org.apache.commons.dbcp2.TestDelegatingResultSet#testGetObjectIntegerMap,8,3,176.454224,11.402511,15.476972,58.81807466666667,3.800837,5.158990666666667,470.54459733333334,30.406696,41.271925333333336,0,0,0,0,1,0,0,0,0,0,0,0,0,0,0,0,0,1,0,0,1
org.apache.commons.dbcp2.TestPoolingDataSource#testUnwrap,6,2,163.7043,11.407439,14.4069,81.85215,5.7037195,7.20345,491.11289999999997,34.222317000000004,43.2207,2,0,0,0,0,0,0,0,0,0,0,0,0,0,0,0,0,0,0,0,0
org.apache.commons.dbcp2.datasources.TestPerUserPoolDataSource#testPerUserTestOnCreateMapInitialized,12,7,168.7453,11.434944,14.756985,24.106471428571428,1.6335634285714284,2.1081407142857143,289.2776571428571,19.60276114285714,25.29768857142857,3,1,0,0,0,0,0,0,0,0,0,0,0,0,0,0,0,0,0,0,3
org.apache.commons.dbcp2.TestDelegatingResultSet#testGetFetchSize,8,2,184.274475,11.442759,16.082601,92.1372375,5.7213795,8.0413005,737.0979,45.771036,64.330404,0,0,0,0,1,0,0,0,0,0,0,0,0,0,0,0,0,1,0,0,0
org.apache.commons.dbcp2.TestDelegatingResultSet#testRowDeleted,8,2,173.066879,11.397913,15.248068,86.5334395,5.6989565,7.624034,692.267516,45.591652,60.992272,0,0,0,0,1,0,0,0,0,0,0,0,0,0,0,0,0,1,0,0,0
org.apache.commons.dbcp2.TestDelegatingCallableStatement#testGetStringString,8,3,187.867798,11.50573,16.279862,62.62259933333333,3.835243333333333,5.426620666666667,500.98079466666667,30.681946666666665,43.41296533333334,0,0,0,0,1,0,0,0,0,0,0,0,0,0,0,0,0,1,0,0,1
org.apache.commons.dbcp2.datasources.TestPerUserPoolDataSource#testPerUserMaxWaitMillisWithUserMapNotInitialized_Deprecated,5,4,167.332993,11.429446,14.559109,41.83324825,2.8573615,3.63977725,209.16624124999998,14.2868075,18.198886249999997,1,1,0,0,0,0,0,0,0,0,0,0,0,0,0,0,0,0,0,0,2
org.apache.commons.dbcp2.datasources.TestPerUserPoolDataSource#testPerUserTimeBetweenEvictionRunsMillisWithUserMapInitialized,8,7,162.85083,11.45561,14.238549,23.264404285714285,1.6365157142857143,2.0340784285714286,186.11523428571428,13.092125714285714,16.27262742857143,3,1,0,0,0,0,0,0,0,0,0,0,0,0,0,0,1,0,0,0,2
org.apache.commons.dbcp2.TestPoolingDriver#testReportedBug12400,26,10,172.593292,11.465798,15.052881,17.2593292,1.1465798,1.5052881,448.74255919999996,29.811074799999997,39.13749059999999,3,1,0,0,0,0,0,0,3,0,0,0,0,1,0,0,0,0,0,0,2
org.apache.commons.dbcp2.TestDelegatingDatabaseMetaData#testDeletesAreDetectedInteger,8,2,187.995209,11.485943,16.3597,93.9976045,5.7429715,8.17985,751.980836,45.943772,65.4388,0,0,0,0,1,0,0,0,0,0,0,0,0,0,0,0,0,1,0,0,0
org.apache.commons.dbcp2.TestDelegatingDatabaseMetaData#testSupportsAlterTableWithDropColumn,8,2,178.381882,11.373536,15.649701,89.190941,5.686768,7.8248505,713.527528,45.494144,62.598804,0,0,0,0,1,0,0,0,0,0,0,0,0,0,0,0,0,1,0,0,0
org.apache.commons.dbcp2.datasources.TestPerUserPoolDataSource#testPerUserEvictionPolicyClassNameMapInitialized,12,7,162.029144,11.374799,14.155875,23.147020571428573,1.6249712857142857,2.022267857142857,277.76424685714284,19.499655428571426,24.267214285714285,3,1,0,0,0,0,0,0,0,0,0,0,0,0,0,0,0,0,0,0,3
org.apache.commons.dbcp2.TestDelegatingDatabaseMetaData#testSupportsStoredProcedures,8,2,182.272415,11.450815,15.962731,91.1362075,5.7254075,7.9813655,729.08966,45.80326,63.850924,0,0,0,0,1,0,0,0,0,0,0,0,0,0,0,0,0,1,0,0,0
org.apache.commons.dbcp2.TestDelegatingResultSet#testGetNCharacterStreamString,8,3,182.509293,11.461825,15.965333,60.836431000000005,3.820608333333333,5.321777666666667,486.69144800000004,30.564866666666664,42.574221333333334,0,0,0,0,1,0,0,0,0,0,0,0,0,0,0,0,0,1,0,0,1
org.apache.commons.dbcp2.TestDelegatingCallableStatement#testSetClobStringClob,8,3,173.481506,11.424638,15.245451,57.827168666666665,3.8082126666666665,5.081817,462.6173493333333,30.46570133333333,40.654536,0,0,0,0,1,0,0,0,0,0,0,0,0,0,0,0,0,1,0,0,1
org.apache.commons.dbcp2.TestDelegatingResultSet#testUpdateClobStringReaderLong,8,3,180.696259,11.378978,15.880829,60.232086333333335,3.7929926666666667,5.293609666666667,481.8566906666667,30.343941333333333,42.348877333333334,0,0,0,0,1,0,0,0,0,0,0,0,0,0,0,0,0,1,0,0,1
org.apache.commons.dbcp2.datasources.TestPerUserPoolDataSource#testPerUserTestOnReturnWithUserMapNotInitializedMissingKey,5,5,171.577271,11.470274,15.024158,34.3154542,2.2940548,3.0048316,171.577271,11.470274,15.024158,1,1,0,0,0,0,0,0,0,0,0,0,0,0,0,0,0,0,0,0,3
org.apache.commons.dbcp2.datasources.TestPerUserPoolDataSource#testTransactionIsolationBehavior,13,5,169.480423,11.417115,14.840297,33.8960846,2.283423,2.9680594,440.6490998,29.684499,38.584772199999996,4,0,0,0,0,0,0,0,0,0,0,0,0,0,0,0,0,0,0,0,1
org.apache.commons.dbcp2.TestDelegatingCallableStatement#testWasNull,8,2,174.237305,11.419799,15.278183,87.1186525,5.7098995,7.6390915,696.94922,45.679196,61.112732,0,0,0,0,1,0,0,0,0,0,0,0,0,0,0,0,0,1,0,0,0
org.apache.commons.dbcp2.TestDelegatingResultSet#testPrevious,8,2,203.005753,11.856552,17.076839,101.5028765,5.928276,8.5384195,812.023012,47.426208,68.307356,0,0,0,0,1,0,0,0,0,0,0,0,0,0,0,0,0,1,0,0,0
org.apache.commons.dbcp2.datasources.TestPerUserPoolDataSource#testPerUserDefaultReadOnlyMapNotInitializedMissingKey,7,4,170.544189,11.446501,14.842057,42.63604725,2.86162525,3.71051425,298.45233075,20.03137675,25.97359975,1,1,0,0,0,0,0,0,0,0,0,0,0,0,0,0,0,0,0,0,2
org.apache.commons.dbcp2.TestDelegatingResultSet#testSetFetchSizeInteger,8,2,182.522263,11.459075,15.961102,91.2611315,5.7295375,7.980551,730.089052,45.8363,63.844408,0,0,0,0,1,0,0,0,0,0,0,0,0,0,0,0,0,1,0,0,0
org.apache.commons.dbcp2.datasources.TestPerUserPoolDataSource#testPerUserBlockWhenExhaustedMapInitialized,12,6,168.630417,11.423423,14.762676,28.1050695,1.9039038333333334,2.460446,337.260834,22.846846,29.525352,3,1,0,0,0,0,0,0,0,0,0,0,0,0,0,0,0,0,0,0,2
org.apache.commons.dbcp2.managed.TestPoolableManagedConnection#testReallyClose,18,17,165.722565,11.450641,14.552536,9.74838617647059,0.6735671176470588,0.8560315294117647,175.4709511764706,12.124208117647058,15.408567529411766,7,1,0,0,0,0,0,4,0,0,0,0,0,0,0,0,3,1,0,0,1
org.apache.commons.dbcp2.TestDelegatingDatabaseMetaData#testSupportsMultipleResultSets,8,2,183.889923,11.442249,16.071135,91.9449615,5.7211245,8.0355675,735.559692,45.768996,64.28454,0,0,0,0,1,0,0,0,0,0,0,0,0,0,0,0,0,1,0,0,0
org.apache.commons.dbcp2.TestDelegatingResultSet#testGetNStringString,8,3,182.806213,11.461972,15.946849,60.93540433333334,3.820657333333333,5.315616333333334,487.4832346666667,30.565258666666665,42.52493066666667,0,0,0,0,1,0,0,0,0,0,0,0,0,0,0,0,0,1,0,0,1
org.apache.commons.dbcp2.TestDelegatingResultSet#testRefreshRow,8,2,181.775192,11.434406,15.874494,90.887596,5.717203,7.937247,727.100768,45.737624,63.497976,0,0,0,0,1,0,0,0,0,0,0,0,0,0,0,0,0,1,0,0,0
org.apache.commons.dbcp2.datasources.TestKeyedCPDSConnectionFactory#testSharedPoolDSDestroyOnReturn,18,10,167.801544,11.453357,14.65763,16.7801544,1.1453357,1.465763,302.0427792,20.6160426,26.383733999999997,4,0,0,0,0,0,0,4,0,0,0,0,0,0,0,0,1,1,0,0,0
org.apache.commons.dbcp2.TestDelegatingResultSet#testUpdateRefStringRef,8,3,174.929871,11.399699,15.345131,58.309957,3.7998996666666667,5.115043666666667,466.479656,30.399197333333333,40.920349333333334,0,0,0,0,1,0,0,0,0,0,0,0,0,0,0,0,0,1,0,0,1
org.apache.commons.dbcp2.TestDelegatingResultSet#testGetSQLXMLInteger,8,3,188.80014,11.481812,16.348428,62.93338,3.8272706666666667,5.449476,503.46704,30.618165333333334,43.595808,0,0,0,0,1,0,0,0,0,0,0,0,0,0,0,0,0,1,0,0,1
org.apache.commons.dbcp2.TestDelegatingResultSet#testUpdateLongStringLong,8,3,183.082748,11.433804,16.068489,61.02758266666667,3.811268,5.356163,488.22066133333334,30.490144,42.849304,0,0,0,0,1,0,0,0,0,0,0,0,0,0,0,0,0,1,0,0,1
org.apache.commons.dbcp2.datasources.TestPerUserPoolDataSource#testDefaultUser2,17,7,171.189804,11.451816,14.941547,24.455686285714286,1.6359737142857145,2.134506714285714,415.7466668571429,27.811553142857147,36.28661414285715,1,1,0,0,0,0,0,0,2,0,0,0,0,0,0,0,0,0,0,0,3
org.apache.commons.dbcp2.TestDelegatingCallableStatement#testSetBinaryStreamStringInputStreamLong,8,3,177.233551,11.437999,15.495153,59.07785033333334,3.812666333333333,5.165051,472.6228026666667,30.501330666666664,41.320408,0,0,0,0,1,0,0,0,0,0,0,0,0,0,0,0,0,1,0,0,1
org.apache.commons.dbcp2.TestDelegatingCallableStatement#testSetTimeStringTime,8,3,175.242325,11.441446,15.33911,58.41410833333333,3.813815333333333,5.113036666666667,467.31286666666665,30.510522666666663,40.904293333333335,0,0,0,0,1,0,0,0,0,0,0,0,0,0,0,0,0,1,0,0,1
org.apache.commons.dbcp2.TestDelegatingDatabaseMetaData#testOwnDeletesAreVisibleInteger,8,2,173.085739,11.363832,15.162984,86.5428695,5.681916,7.581492,692.342956,45.455328,60.651936,0,0,0,0,1,0,0,0,0,0,0,0,0,0,0,0,0,1,0,0,0
org.apache.commons.dbcp2.TestDelegatingResultSet#testGetClobInteger,8,3,185.611023,11.451127,16.180554,61.870340999999996,3.817042333333333,5.393518,494.96272799999997,30.536338666666666,43.148144,0,0,0,0,1,0,0,0,0,0,0,0,0,0,0,0,0,1,0,0,1
org.apache.commons.dbcp2.TestBasicDataSource#testAccessToUnderlyingConnectionAllowed,11,16,167.761551,11.411765,14.754797,10.4850969375,0.7132353125,0.9221748125,115.3360663125,7.8455884375,10.1439229375,4,1,0,0,0,0,0,0,0,0,0,0,0,0,0,0,1,1,0,0,9
org.apache.commons.dbcp2.datasources.TestPerUserPoolDataSource#testPerUserTestOnCreateWithUserMapNotInitializedMissingKey,5,5,166.981964,11.381175,14.68057,33.3963928,2.2762350000000002,2.936114,166.981964,11.381175,14.68057,1,1,0,0,0,0,0,0,0,0,0,0,0,0,0,0,0,0,0,0,3
org.apache.commons.dbcp2.managed.TestPoolableManagedConnection#testPoolableConnection,7,4,165.538498,11.393601,14.557252,41.3846245,2.84840025,3.639313,289.69237150000004,19.938801750000003,25.475191000000002,2,0,0,0,0,0,0,0,0,0,0,0,0,0,0,0,1,0,0,0,1
org.apache.commons.dbcp2.TestDelegatingPreparedStatement#testExecuteQueryReturnsNotNull,5,4,177.176788,11.402122,15.531858,44.294197,2.8505305,3.8829645,221.47098499999998,14.2526525,19.4148225,1,1,0,0,0,0,0,0,0,0,0,0,0,0,0,0,0,0,0,0,2
org.apache.commons.dbcp2.TestBasicDataSource#testPooling,4,4,170.675598,11.427826,14.954546,42.6688995,2.8569565,3.7386365,170.675598,11.427826,14.954546,0,0,0,0,1,0,0,0,0,0,0,0,0,0,0,0,0,0,0,0,3
org.apache.commons.dbcp2.TestDelegatingCallableStatement#testSetDateStringSqlDateCalendar,8,3,175.684738,11.427189,15.374274,58.561579333333334,3.809063,5.124758,468.4926346666667,30.472504,40.998064,0,0,0,0,1,0,0,0,0,0,0,0,0,0,0,0,0,1,0,0,1
org.apache.commons.dbcp2.TestDelegatingResultSet#testGetObjectIntegerClass,8,3,186.505447,11.461584,16.272223,62.16848233333334,3.820528,5.424074333333333,497.3478586666667,30.564224,43.39259466666667,0,0,0,0,1,0,0,0,0,0,0,0,0,0,0,0,0,1,0,0,1
org.apache.commons.dbcp2.datasources.TestPerUserPoolDataSource#testPerUserNumTestsPerEvictionRunWithUserMapNotInitializedMissingKey,5,5,169.687531,11.466984,14.790098,33.9375062,2.2933968,2.9580196,169.687531,11.466984,14.790098,1,1,0,0,0,0,0,0,0,0,0,0,0,0,0,0,0,0,0,0,3
org.apache.commons.dbcp2.datasources.TestPoolKey#testHashcode,4,4,159.930664,11.396396,13.954922,39.982666,2.849099,3.4887305,159.930664,11.396396,13.954922,2,1,0,0,0,0,0,0,0,0,0,0,0,0,0,0,0,0,0,0,1
org.apache.commons.dbcp2.TestDelegatingCallableStatement#testSetDateStringSqlDate,8,3,187.540085,11.473891,16.344943,62.51336166666667,3.8246303333333334,5.448314333333333,500.10689333333335,30.597042666666667,43.586514666666666,0,0,0,0,1,0,0,0,0,0,0,0,0,0,0,0,0,1,0,0,1
org.apache.commons.dbcp2.TestDelegatingResultSet#testUpdateNullString,8,3,176.331116,11.433511,15.390094,58.77703866666667,3.811170333333333,5.130031333333333,470.21630933333336,30.489362666666665,41.040250666666665,0,0,0,0,1,0,0,0,0,0,0,0,0,0,0,0,0,1,0,0,1
org.apache.commons.dbcp2.datasources.TestPerUserPoolDataSource#testPerUserMinIdleMapNotInitializedMissingKey,7,5,169.704651,11.421713,14.858074,33.940930200000004,2.2843426,2.9716148000000002,237.5865114,15.9903982,20.8013036,1,1,0,0,0,0,0,0,0,0,0,0,0,0,0,0,0,0,0,0,3
org.apache.commons.dbcp2.TestDelegatingResultSet#testUpdateBigDecimalStringBigDecimal,8,3,185.716171,11.439034,16.213996,61.90539033333334,3.8130113333333333,5.404665333333334,495.2431226666667,30.504090666666666,43.23732266666667,0,0,0,0,1,0,0,0,0,0,0,0,0,0,0,0,0,1,0,0,1
org.apache.commons.dbcp2.TestDelegatingCallableStatement#testGetNCharacterStreamInteger,8,3,183.884964,11.432947,16.094303,61.294988,3.8109823333333335,5.364767666666666,490.359904,30.487858666666668,42.91814133333333,0,0,0,0,1,0,0,0,0,0,0,0,0,0,0,0,0,1,0,0,1
org.apache.commons.dbcp2.TestDelegatingCallableStatement#testSetRowIdStringRowId,8,2,181.278778,11.469509,15.828583,90.639389,5.7347545,7.9142915,725.115112,45.878036,63.314332,0,0,0,0,1,0,0,0,0,0,0,0,0,0,0,0,0,1,0,0,0
org.apache.commons.dbcp2.TestDelegatingResultSet#testGetBigDecimalStringInteger,8,3,168.77005,11.377254,14.823934,56.256683333333335,3.792418,4.941311333333333,450.0534666666667,30.339344,39.530490666666665,0,0,0,0,1,0,0,0,0,0,0,0,0,0,0,0,0,1,0,0,1
org.apache.commons.dbcp2.TestDelegatingResultSet#testGetShortString,8,3,182.537445,11.470536,15.979407,60.845814999999995,3.8235119999999996,5.326469,486.76651999999996,30.588095999999997,42.611752,0,0,0,0,1,0,0,0,0,0,0,0,0,0,0,0,0,1,0,0,1
org.apache.commons.dbcp2.datasources.TestPerUserPoolDataSource#testPerUserBlockWhenExhaustedWithUserMapNotInitializedMissingKey,5,4,170.528168,11.435543,14.880518,42.632042,2.85888575,3.7201295,213.16020999999998,14.294428749999998,18.6006475,1,1,0,0,0,0,0,0,0,0,0,0,0,0,0,0,0,0,0,0,2
org.apache.commons.dbcp2.TestDelegatingResultSet#testToString,5,4,180.26503,11.379889,15.8296,45.0662575,2.84497225,3.9574,225.33128749999997,14.22486125,19.787,2,0,0,0,0,0,0,0,0,0,0,0,2,0,0,0,0,0,0,0,0
org.apache.commons.dbcp2.TestBasicDataSource#testDisconnectSqlCodes,11,11,169.710419,11.41083,14.857094,15.42821990909091,1.0373481818181818,1.3506449090909092,169.710419,11.41083,14.857094,3,1,0,0,0,0,0,1,0,0,0,0,0,0,0,0,0,0,0,0,6
org.apache.commons.dbcp2.datasources.TestPerUserPoolDataSource#testDepreactedAccessors,36,38,167.211227,11.403765,14.68009,4.400295447368421,0.3000990789473684,0.38631815789473684,158.41063610526317,10.803566842105262,13.907453684210527,16,1,0,0,0,0,0,0,0,0,0,0,0,1,0,0,0,0,0,0,20
org.apache.commons.dbcp2.datasources.TestPerUserPoolDataSource#testPerUserTestOnCreateWithUserMapInitialized,8,7,158.371887,11.379252,13.855455,22.624555285714283,1.6256074285714284,1.979350714285714,180.99644228571427,13.004859428571427,15.834805714285713,3,1,0,0,0,0,0,0,0,0,0,0,0,0,0,0,1,0,0,0,2
org.apache.commons.dbcp2.TestDelegatingDatabaseMetaData#testSupportsDataManipulationTransactionsOnly,8,2,181.860352,11.481851,15.77843,90.930176,5.7409255,7.889215,727.441408,45.927404,63.11372,0,0,0,0,1,0,0,0,0,0,0,0,0,0,0,0,0,1,0,0,0
org.apache.commons.dbcp2.TestPoolingConnection#testPrepareCall,7,3,155.894424,11.364142,13.747178,51.964808,3.788047333333333,4.582392666666666,363.753656,26.516331333333333,32.07674866666667,1,0,0,0,0,0,0,0,0,0,0,0,0,0,0,0,0,1,0,0,1
org.apache.commons.dbcp2.TestDelegatingResultSet#testGetFetchDirection,8,2,184.145401,11.432285,16.07932,92.0727005,5.7161425,8.03966,736.581604,45.72914,64.31728,0,0,0,0,1,0,0,0,0,0,0,0,0,0,0,0,0,1,0,0,0
org.apache.commons.dbcp2.TestDelegatingPreparedStatement#testExecuteQuery,8,3,178.037323,11.408975,15.660936,59.34577433333333,3.8029916666666668,5.220312,474.76619466666665,30.423933333333334,41.762496,0,0,0,0,1,0,0,0,0,0,0,0,0,0,0,0,0,1,0,0,1
org.apache.commons.dbcp2.TestDelegatingDatabaseMetaData#testSupportsDifferentTableCorrelationNames,8,2,198.391876,11.82056,16.745612,99.195938,5.91028,8.372806,793.567504,47.28224,66.982448,0,0,0,0,1,0,0,0,0,0,0,0,0,0,0,0,0,1,0,0,0
org.apache.commons.dbcp2.TestDelegatingResultSet#testGetIntString,8,3,182.732391,11.453418,15.980196,60.910797,3.8178059999999996,5.326732,487.286376,30.542447999999997,42.613856,0,0,0,0,1,0,0,0,0,0,0,0,0,0,0,0,0,1,0,0,1
org.apache.commons.dbcp2.TestDelegatingDatabaseMetaData#testSupportsMinimumSQLGrammar,8,2,175.627716,11.448044,15.389758,87.813858,5.724022,7.694879,702.510864,45.792176,61.559032,0,0,0,0,1,0,0,0,0,0,0,0,0,0,0,0,0,1,0,0,0
org.apache.commons.dbcp2.TestDelegatingDatabaseMetaData#testSupportsLimitedOuterJoins,8,2,171.085159,11.362856,15.072519,85.5425795,5.681428,7.5362595,684.340636,45.451424,60.290076,0,0,0,0,1,0,0,0,0,0,0,0,0,0,0,0,0,1,0,0,0
org.apache.commons.dbcp2.datasources.TestPerUserPoolDataSource#testPerUserSoftMinEvictableIdleDurationMapInitialized,15,12,169.003235,11.433592,14.760771,14.083602916666665,0.9527993333333334,1.23006425,211.25404374999997,14.29199,18.45096375,6,1,0,0,0,0,0,0,0,0,0,0,0,0,0,0,0,0,0,0,5
org.apache.commons.dbcp2.TestDelegatingResultSet#testUpdateObjectIntegerObjectInteger,8,3,169.206558,11.413728,14.840324,56.402186,3.8045760000000004,4.946774666666667,451.217488,30.436608000000003,39.57419733333334,0,0,0,0,1,0,0,0,0,0,0,0,0,0,0,0,0,1,0,0,1
org.apache.commons.dbcp2.TestPStmtKey#testToString,7,10,159.81076,11.363769,14.063183,15.981075999999998,1.1363769,1.4063183000000001,111.86753199999998,7.954638299999999,9.8442281,4,1,0,0,0,0,0,0,0,0,0,0,4,0,0,0,0,0,0,0,1
org.apache.commons.dbcp2.TestDelegatingDatabaseMetaData#testGetBestRowIdentifierStringStringStringIntegerBoolean,8,2,181.738998,11.380517,15.963735,90.869499,5.6902585,7.9818675,726.955992,45.522068,63.85494,0,0,0,0,1,0,0,0,0,0,0,0,0,0,0,0,0,1,0,0,0
org.apache.commons.dbcp2.TestDelegatingDatabaseMetaData#testSupportsMixedCaseQuotedIdentifiers,8,2,184.017258,11.464153,16.052334,92.008629,5.7320765,8.026167,736.069032,45.856612,64.209336,0,0,0,0,1,0,0,0,0,0,0,0,0,0,0,0,0,1,0,0,0
org.apache.commons.dbcp2.TestDelegatingPreparedStatement#testSetNClobIntegerNClob,8,3,182.677048,11.436394,15.88016,60.892349333333335,3.8121313333333333,5.293386666666667,487.1387946666667,30.497050666666667,42.34709333333333,0,0,0,0,1,0,0,0,0,0,0,0,0,0,0,0,0,1,0,0,1
org.apache.commons.dbcp2.TestDriverConnectionFactory#testCreateConnection,5,4,163.739624,11.442593,14.355205,40.934906,2.86064825,3.58880125,204.67452999999998,14.30324125,17.944006249999997,1,1,0,0,0,0,0,1,0,0,0,0,0,0,0,0,0,0,0,0,1
org.apache.commons.dbcp2.TestDelegatingCallableStatement#testGetBigDecimalInteger,8,3,182.692245,11.468714,15.948006,60.897415,3.8229046666666666,5.316002,487.17932,30.583237333333333,42.528016,0,0,0,0,1,0,0,0,0,0,0,0,0,0,0,0,0,1,0,0,1
org.apache.commons.dbcp2.datasources.CharArrayTest#testHashCode,4,5,162.897629,11.425061,14.257922,32.5795258,2.2850121999999997,2.8515844,130.3181032,9.140048799999999,11.4063376,2,1,0,0,0,1,0,0,0,0,0,0,0,0,0,0,0,0,0,0,1
org.apache.commons.dbcp2.TestDelegatingCallableStatement#testSetNullStringIntegerString,8,3,172.53154,11.379367,15.162494,57.510513333333336,3.7931223333333333,5.054164666666667,460.0841066666667,30.344978666666666,40.433317333333335,0,0,0,0,1,0,0,0,0,0,0,0,0,0,0,0,0,1,0,0,1
org.apache.commons.dbcp2.TestDelegatingPreparedStatement#testSetCharacterStreamIntegerReaderLong,8,3,178.267441,11.443935,15.57746,59.42248033333333,3.814645,5.1924866666666665,475.37984266666666,30.51716,41.53989333333333,0,0,0,0,1,0,0,0,0,0,0,0,0,0,0,0,0,1,0,0,1
org.apache.commons.dbcp2.TestDelegatingPreparedStatement#testSetShortIntegerShort,8,2,178.934479,11.425287,15.678112,89.4672395,5.7126435,7.839056,715.737916,45.701148,62.712448,0,0,0,0,1,0,0,0,0,0,0,0,0,0,0,0,0,1,0,0,0
org.apache.commons.dbcp2.TestDelegatingDatabaseMetaData#testStoresMixedCaseIdentifiers,8,2,183.122604,11.427196,15.979102,91.561302,5.713598,7.989551,732.490416,45.708784,63.916408,0,0,0,0,1,0,0,0,0,0,0,0,0,0,0,0,0,1,0,0,0
org.apache.commons.dbcp2.TestDelegatingCallableStatement#testGetObjectInteger,8,3,182.390732,11.438028,15.950234,60.79691066666667,3.8126759999999997,5.316744666666667,486.37528533333335,30.501407999999998,42.53395733333333,0,0,0,0,1,0,0,0,0,0,0,0,0,0,0,0,0,1,0,0,1
org.apache.commons.dbcp2.TestDelegatingCallableStatement#testGetArrayInteger,8,3,183.573151,11.437487,16.066687,61.19105033333333,3.812495666666667,5.355562333333334,489.52840266666664,30.499965333333336,42.844498666666674,0,0,0,0,1,0,0,0,0,0,0,0,0,0,0,0,0,1,0,0,1
org.apache.commons.dbcp2.datasources.TestPerUserPoolDataSource#testPerUserLifoWithUserMapInitialized,8,7,168.006165,11.39703,14.741223,24.000880714285717,1.628147142857143,2.105889,192.00704571428574,13.025177142857144,16.847112,3,1,0,0,0,0,0,0,0,0,0,0,0,0,0,0,1,0,0,0,2
org.apache.commons.dbcp2.TestListException#testNulls,5,6,160.877609,11.385553,14.149926,26.812934833333333,1.8975921666666666,2.358321,134.0646741666667,9.487960833333334,11.791605,2,1,0,0,0,0,0,0,0,0,0,0,0,0,0,0,0,0,0,0,3
org.apache.commons.dbcp2.TestDelegatingDatabaseMetaData#testGetStringFunctions,8,2,188.070053,11.516008,16.289477,94.0350265,5.758004,8.1447385,752.280212,46.064032,65.157908,0,0,0,0,1,0,0,0,0,0,0,0,0,0,0,0,0,1,0,0,0
org.apache.commons.dbcp2.datasources.TestPerUserPoolDataSource#testPerUserMaxWaitDurationMapNotInitializedMissingKey,7,5,170.295013,11.440133,14.84965,34.0590026,2.2880266,2.96993,238.4130182,16.0161862,20.78951,1,1,0,0,0,0,0,0,0,0,0,0,0,0,0,0,0,0,0,0,3
org.apache.commons.dbcp2.TestDelegatingDatabaseMetaData#testGetClientInfoProperties,8,2,186.159027,11.452075,16.264472,93.0795135,5.7260375,8.132236,744.636108,45.8083,65.057888,0,0,0,0,1,0,0,0,0,0,0,0,0,0,0,0,0,1,0,0,0
org.apache.commons.dbcp2.TestDelegatingPreparedStatement#testSetBlobIntegerInputStream,8,3,180.941498,11.481638,15.759206,60.31383266666666,3.8272126666666666,5.253068666666667,482.5106613333333,30.617701333333333,42.02454933333333,0,0,0,0,1,0,0,0,0,0,0,0,0,0,0,0,0,1,0,0,1
org.apache.commons.dbcp2.TestDelegatingResultSet#testRowInserted,8,2,184.369247,11.432799,16.163818,92.1846235,5.7163995,8.081909,737.476988,45.731196,64.655272,0,0,0,0,1,0,0,0,0,0,0,0,0,0,0,0,0,1,0,0,0
org.apache.commons.dbcp2.TestDelegatingPreparedStatement#testSetLongIntegerLong,8,2,177.033264,11.389183,15.543983,88.516632,5.6945915,7.7719915,708.133056,45.556732,62.175932,0,0,0,0,1,0,0,0,0,0,0,0,0,0,0,0,0,1,0,0,0
org.apache.commons.dbcp2.TestDelegatingResultSet#testUpdateFloatIntegerFloat,8,3,185.759933,11.540101,16.169858,61.91997766666666,3.846700333333333,5.389952666666667,495.3598213333333,30.773602666666665,43.119621333333335,0,0,0,0,1,0,0,0,0,0,0,0,0,0,0,0,0,1,0,0,1
org.apache.commons.dbcp2.TestPoolingDataSource#testIsWrapperFor,6,4,156.011292,11.354176,13.768689,39.002823,2.838544,3.44217225,234.016938,17.031264000000004,20.653033500000003,4,0,0,0,0,0,0,0,0,0,0,0,0,0,0,0,0,0,0,0,0
org.apache.commons.dbcp2.TestDelegatingCallableStatement#testGetRowIdInteger,8,3,180.116699,11.411234,15.789487,60.03889966666667,3.8037446666666668,5.263162333333333,480.3111973333334,30.429957333333334,42.10529866666666,0,0,0,0,1,0,0,0,0,0,0,0,0,0,0,0,0,1,0,0,1
org.apache.commons.dbcp2.TestDelegatingDatabaseMetaData#testSupportsStatementPooling,8,2,182.48468,11.447749,15.899439,91.24234,5.7238745,7.9497195,729.93872,45.790996,63.597756,0,0,0,0,1,0,0,0,0,0,0,0,0,0,0,0,0,1,0,0,0
org.apache.commons.dbcp2.TestBasicDataSource#testInstanceNotFoundExceptionLogSuppressed,13,17,168.641632,11.402099,14.778958,9.920096,0.670711705882353,0.8693504705882352,128.96124799999998,8.719252176470588,11.301556117647058,2,1,0,0,0,0,0,0,1,0,0,0,0,0,0,0,0,1,0,0,12
org.apache.commons.dbcp2.TestDelegatingResultSet#testUpdateClobIntegerClob,8,3,188.620895,11.500829,16.39484,62.87363166666666,3.8336096666666664,5.464946666666666,502.9890533333333,30.66887733333333,43.71957333333333,0,0,0,0,1,0,0,0,0,0,0,0,0,0,0,0,0,1,0,0,1
org.apache.commons.dbcp2.TestDelegatingCallableStatement#testGetByteInteger,8,3,186.123337,11.490109,16.231801,62.04111233333333,3.8300363333333336,5.410600333333334,496.32889866666665,30.64029066666667,43.28480266666667,0,0,0,0,1,0,0,0,0,0,0,0,0,0,0,0,0,1,0,0,1
org.apache.commons.dbcp2.TestDelegatingResultSet#testUpdateRow,8,2,181.559647,11.457428,15.866373,90.7798235,5.728714,7.9331865,726.238588,45.829712,63.465492,0,0,0,0,1,0,0,0,0,0,0,0,0,0,0,0,0,1,0,0,0
org.apache.commons.dbcp2.managed.TestManagedDataSource#testSharedConnection,10,4,169.610107,11.375617,14.844828,42.40252675,2.84390425,3.711207,424.0252675,28.4390425,37.112069999999996,4,0,0,0,0,0,0,0,0,0,0,0,0,0,0,0,0,0,0,0,0
org.apache.commons.dbcp2.TestDelegatingResultSet#testUpdateAsciiStreamStringInputStreamInteger,8,3,184.780228,11.445506,16.163758,61.593409333333334,3.8151686666666667,5.3879193333333335,492.74727466666667,30.521349333333333,43.10335466666667,0,0,0,0,1,0,0,0,0,0,0,0,0,0,0,0,0,1,0,0,1
org.apache.commons.dbcp2.TestDelegatingDatabaseMetaData#testGetSQLStateType,8,2,181.602036,11.447687,15.960025,90.801018,5.7238435,7.9800125,726.408144,45.790748,63.8401,0,0,0,0,1,0,0,0,0,0,0,0,0,0,0,0,0,1,0,0,0
org.apache.commons.dbcp2.datasources.TestCPDSConnectionFactory#testSetPasswordThenModCharArray_Deprecated,8,7,161.988937,11.437826,14.133705,23.141276714285713,1.6339751428571427,2.0191007142857145,185.1302137142857,13.071801142857142,16.152805714285716,2,1,0,0,0,0,0,0,0,0,0,0,0,0,0,0,1,0,0,0,3
org.apache.commons.dbcp2.datasources.TestPerUserPoolDataSource#testPerUserDefaultAutoCommitWithUserMapNotInitializedMissingKey,5,4,168.715515,11.439537,14.748456,42.17887875,2.85988425,3.687114,210.89439375,14.299421249999998,18.43557,1,1,0,0,0,0,0,0,0,0,0,0,0,0,0,0,0,0,0,0,2
org.apache.commons.dbcp2.TestDelegatingCallableStatement#testGetIntInteger,8,3,181.834213,11.41651,15.946032,60.61140433333333,3.8055033333333337,5.3153440000000005,484.89123466666666,30.44402666666667,42.522752000000004,0,0,0,0,1,0,0,0,0,0,0,0,0,0,0,0,0,1,0,0,1
org.apache.commons.dbcp2.TestDelegatingDatabaseMetaData#testSupportsOpenCursorsAcrossRollback,8,2,184.573929,11.433769,16.142877,92.2869645,5.7168845,8.0714385,738.295716,45.735076,64.571508,0,0,0,0,1,0,0,0,0,0,0,0,0,0,0,0,0,1,0,0,0
org.apache.commons.dbcp2.TestDelegatingResultSet#testGetByteInteger,8,3,177.2827,11.360289,15.646913,59.094233333333335,3.786763,5.215637666666667,472.7538666666667,30.294104,41.725101333333335,0,0,0,0,1,0,0,0,0,0,0,0,0,0,0,0,0,1,0,0,1
org.apache.commons.dbcp2.TestPoolableConnection#testFastFailValidation,33,13,166.938309,11.411701,14.624262,12.841408384615384,0.877823153846154,1.1249432307692309,423.7664766923077,28.96816407692308,37.123126615384614,2,1,0,0,0,0,0,2,0,0,0,0,0,1,0,0,1,3,0,0,3
org.apache.commons.dbcp2.TestDelegatingCallableStatement#testRegisterOutParameterIntegerIntegerString,8,3,174.732498,11.397444,15.262658,58.244166,3.799148,5.087552666666666,465.953328,30.393184,40.70042133333333,0,0,0,0,1,0,0,0,0,0,0,0,0,0,0,0,0,1,0,0,1
org.apache.commons.dbcp2.TestDelegatingDatabaseMetaData#testGetVersionColumnsStringStringString,8,2,183.373123,11.432679,15.96138,91.6865615,5.7163395,7.98069,733.492492,45.730716,63.84552,0,0,0,0,1,0,0,0,0,0,0,0,0,0,0,0,0,1,0,0,0
org.apache.commons.dbcp2.TestDelegatingResultSet#testGetType,8,2,186.398804,11.475185,16.243643,93.199402,5.7375925,8.1218215,745.595216,45.90074,64.974572,0,0,0,0,1,0,0,0,0,0,0,0,0,0,0,0,0,1,0,0,0
org.apache.commons.dbcp2.TestDelegatingDatabaseMetaData#testSupportsSchemasInIndexDefinitions,8,2,182.009735,11.415786,15.943689,91.0048675,5.707893,7.9718445,728.03894,45.663144,63.774756,0,0,0,0,1,0,0,0,0,0,0,0,0,0,0,0,0,1,0,0,0
org.apache.commons.dbcp2.TestDelegatingResultSet#testUpdateSQLXMLIntegerSQLXML,8,3,182.895889,11.438629,15.98932,60.965296333333335,3.8128763333333335,5.329773333333333,487.7223706666667,30.50301066666667,42.63818666666666,0,0,0,0,1,0,0,0,0,0,0,0,0,0,0,0,0,1,0,0,1
org.apache.commons.dbcp2.TestDelegatingCallableStatement#testSetBigDecimalStringBigDecimal,8,2,186.001526,11.453026,16.26452,93.000763,5.726513,8.13226,744.006104,45.812104,65.05808,0,0,0,0,1,0,0,0,0,0,0,0,0,0,0,0,0,1,0,0,0
org.apache.commons.dbcp2.TestDelegatingDatabaseMetaData#testGetExportedKeysStringStringString,8,2,183.292725,11.434647,15.982417,91.6463625,5.7173235,7.9912085,733.1709,45.738588,63.929668,0,0,0,0,1,0,0,0,0,0,0,0,0,0,0,0,0,1,0,0,0
org.apache.commons.dbcp2.TestDelegatingCallableStatement#testSetObjectStringObjectSQLTypeInteger,8,3,189.355682,11.487876,16.483089,63.11856066666667,3.829292,5.494363,504.94848533333334,30.634336,43.954904,0,0,0,0,1,0,0,0,0,0,0,0,0,0,0,0,0,1,0,0,1
org.apache.commons.dbcp2.datasources.TestPerUserPoolDataSource#testDefaultUser1,17,7,169.39592,11.372395,14.927675,24.19941714285714,1.624627857142857,2.1325250000000002,411.3900914285714,27.61867357142857,36.252925000000005,1,1,0,0,0,0,0,0,2,0,0,0,0,0,0,0,0,0,0,0,3
org.apache.commons.dbcp2.TestBasicDataSource#testInvalidateConnection,14,28,184.511002,11.794881,15.637671,6.589678642857143,0.42124575000000003,0.55848825,92.255501,5.8974405,7.8188355,3,1,0,0,0,0,0,2,0,0,0,0,0,0,0,0,0,1,0,0,21
org.apache.commons.dbcp2.TestDelegatingResultSet#testGetAsciiStreamInteger,8,3,187.819763,11.474154,16.348897,62.60658766666666,3.8247180000000003,5.449632333333334,500.8527013333333,30.597744000000002,43.59705866666667,0,0,0,0,1,0,0,0,0,0,0,0,0,0,0,0,0,1,0,0,1
org.apache.commons.dbcp2.TestDelegatingDatabaseMetaData#testGetMaxSchemaNameLength,8,2,185.21109,11.447913,16.234125,92.605545,5.7239565,8.1170625,740.84436,45.791652,64.9365,0,0,0,0,1,0,0,0,0,0,0,0,0,0,0,0,0,1,0,0,0
org.apache.commons.dbcp2.TestBasicDataSource#testStartInitializes,8,19,170.533417,11.445022,14.875172,8.975442999999999,0.6023695789473684,0.7829037894736842,71.80354399999999,4.818956631578947,6.263230315789474,4,1,0,0,0,0,0,2,0,0,0,0,0,0,0,0,0,0,0,0,12
org.apache.commons.dbcp2.datasources.TestPerUserPoolDataSource#testPerUserMaxIdleWithUserMapNotInitialized,5,4,171.913162,11.428355,15.028209,42.9782905,2.85708875,3.75705225,214.89145249999999,14.285443749999999,18.785261249999998,1,1,0,0,0,0,0,0,0,0,0,0,0,0,0,0,0,0,0,0,2
org.apache.commons.dbcp2.TestDelegatingDatabaseMetaData#testSupportsANSI92IntermediateSQL,8,2,180.854401,11.448738,15.864688,90.4272005,5.724369,7.932344,723.417604,45.794952,63.458752,0,0,0,0,1,0,0,0,0,0,0,0,0,0,0,0,0,1,0,0,0
org.apache.commons.dbcp2.TestBasicDataSource#testMaxConnLifetimeExceededMutedLog,18,20,170.038986,11.277642,14.995853,8.5019493,0.5638821,0.7497926500000001,153.03508739999998,10.1498778,13.496267699999999,2,1,0,1,0,0,0,2,0,0,0,0,1,0,0,0,0,1,0,0,12
org.apache.commons.dbcp2.TestDelegatingDatabaseMetaData#testGetTablesStringStringStringStringArray,8,2,181.240021,11.425089,15.872542,90.6200105,5.7125445,7.936271,724.960084,45.700356,63.490168,0,0,0,0,1,0,0,0,0,0,0,0,0,0,0,0,0,1,0,0,0
org.apache.commons.dbcp2.TestBasicDataSource#testRestart,21,42,168.97139,11.390959,14.845834,4.023128333333334,0.2712133095238095,0.3534722380952381,84.485695,5.6954795,7.422917,5,1,0,1,0,0,0,4,0,0,0,0,0,0,0,0,1,0,0,0,30
org.apache.commons.dbcp2.datasources.TestPerUserPoolDataSource#testPerUserEvictionPolicyClassNameWithUserMapNotInitialized,5,4,168.184555,11.443035,14.756576,42.04613875,2.86075875,3.689144,210.23069374999997,14.303793749999999,18.44572,1,1,0,0,0,0,0,0,0,0,0,0,0,0,0,0,0,0,0,0,2
org.apache.commons.dbcp2.TestDelegatingPreparedStatement#testSetCharacterStreamIntegerReaderInteger,8,3,175.451767,11.362148,15.446538,58.48392233333333,3.7873826666666663,5.148846,467.87137866666666,30.29906133333333,41.190768,0,0,0,0,1,0,0,0,0,0,0,0,0,0,0,0,0,1,0,0,1
org.apache.commons.dbcp2.TestPoolingDataSource#testPoolGuardConnectionWrapperEqualsSameDelegate,13,6,165.303406,11.35591,14.472282,27.550567666666666,1.8926516666666666,2.412047,358.15737966666666,24.604471666666665,31.356610999999997,2,1,0,0,0,0,0,0,2,0,0,0,0,0,0,0,0,0,0,0,1
org.apache.commons.dbcp2.TestDelegatingCallableStatement#testGetIntString,8,3,183.008133,11.428737,15.964638,61.002711,3.809579,5.3215460000000006,488.021688,30.476632,42.572368000000004,0,0,0,0,1,0,0,0,0,0,0,0,0,0,0,0,0,1,0,0,1
org.apache.commons.dbcp2.managed.TestManagedDataSource#testManagedConnectionEqualsSameDelegateNoUnderlyingAccess,15,4,169.182617,11.438713,14.757019,42.29565425,2.85967825,3.68925475,634.43481375,42.89517375,55.33882125,2,0,0,0,0,0,0,0,2,0,0,0,0,0,0,0,0,0,0,0,0
org.apache.commons.dbcp2.TestLifetimeExceededException#testLifetimeExceededException,4,4,165.001801,11.427454,14.439069,41.25045025,2.8568635,3.60976725,165.001801,11.427454,14.439069,1,1,0,0,0,0,0,0,0,0,0,0,0,0,0,0,0,0,0,0,2
org.apache.commons.dbcp2.managed.TestManagedDataSource#testNestedConnections,8,1,170.327225,11.397483,14.82462,170.327225,11.397483,14.82462,1362.6178,91.179864,118.59696,0,0,0,0,1,0,0,0,0,0,0,0,0,0,0,0,0,0,0,0,0
org.apache.commons.dbcp2.datasources.TestPerUserPoolDataSource#testPerUserMaxWaitDurationMapNotInitialized,7,4,170.709869,11.440276,14.948102,42.67746725,2.860069,3.7370255,298.74227075,20.020483000000002,26.159178500000003,1,1,0,0,0,0,0,0,0,0,0,0,0,0,0,0,0,0,0,0,2
org.apache.commons.dbcp2.TestDelegatingCallableStatement#testGetClobInteger,8,3,183.796692,11.439609,16.04952,61.265564000000005,3.813203,5.34984,490.12451200000004,30.505624,42.79872,0,0,0,0,1,0,0,0,0,0,0,0,0,0,0,0,0,1,0,0,1
org.apache.commons.dbcp2.TestDelegatingDatabaseMetaData#testSupportsMixedCaseIdentifiers,8,2,180.99205,11.387184,15.862715,90.496025,5.693592,7.9313575,723.9682,45.548736,63.45086,0,0,0,0,1,0,0,0,0,0,0,0,0,0,0,0,0,1,0,0,0
org.apache.commons.dbcp2.TestDelegatingResultSet#testAfterLast,8,2,181.207703,11.410678,15.889366,90.6038515,5.705339,7.944683,724.830812,45.642712,63.557464,0,0,0,0,1,0,0,0,0,0,0,0,0,0,0,0,0,1,0,0,0
org.apache.commons.dbcp2.TestPStmtKey#testGettersSetters,11,10,162.336182,11.438385,14.254512,16.233618200000002,1.1438385,1.4254512,178.5698002,12.582223500000001,15.679963200000001,8,1,0,0,0,0,0,0,0,0,0,0,0,0,0,0,0,0,0,0,1
org.apache.commons.dbcp2.managed.TestBasicManagedDataSource#testSetNullXaDataSourceInstance,12,11,168.576843,11.43253,14.776202,15.325167545454546,1.039320909090909,1.343291090909091,183.90201054545454,12.471850909090909,16.119493090909092,1,1,0,0,0,0,0,0,0,0,0,0,0,0,0,0,0,1,0,0,8
org.apache.commons.dbcp2.TestPoolingConnection#testPrepareStatementWithAutoGeneratedKeys,9,4,166.285095,11.356844,14.649293,41.57127375,2.839211,3.66232325,374.14146375000007,25.552899000000004,32.96090925,2,0,0,0,0,0,0,0,0,0,0,0,0,0,0,0,0,1,0,0,1
org.apache.commons.dbcp2.datasources.TestPerUserPoolDataSource#testPerUserEvictionPolicyClassNameMapNotInitialized,7,4,166.31041,11.426256,14.548265,41.5776025,2.856564,3.63706625,291.0432175,19.995948000000002,25.45946375,1,1,0,0,0,0,0,0,0,0,0,0,0,0,0,0,0,0,0,0,2
org.apache.commons.dbcp2.TestBasicDataSource#testEmptyValidationQuery,7,8,165.904343,11.405135,14.44899,20.738042875,1.425641875,1.80612375,145.16630012500002,9.979493125,12.64286625,3,1,0,0,0,0,0,0,0,0,0,0,0,0,0,0,1,0,0,0,3
org.apache.commons.dbcp2.datasources.TestPerUserPoolDataSource#testPerUserTestOnReturnMapNotInitializedMissingKey,7,5,168.990967,11.486414,14.706987,33.7981934,2.2972828,2.9413974,236.58735380000002,16.0809796,20.5897818,1,1,0,0,0,0,0,0,0,0,0,0,0,0,0,0,0,0,0,0,3
org.apache.commons.dbcp2.TestDelegatingDatabaseMetaData#testStoresUpperCaseIdentifiers,8,2,184.229233,11.457065,16.079968,92.1146165,5.7285325,8.039984,736.916932,45.82826,64.319872,0,0,0,0,1,0,0,0,0,0,0,0,0,0,0,0,0,1,0,0,0
org.apache.commons.dbcp2.datasources.TestPerUserPoolDataSource#testChangePassword,32,14,170.820724,11.404523,14.939228,12.201480285714286,0.8146087857142856,1.0670877142857143,390.44736914285716,26.06748114285714,34.146806857142856,3,1,0,0,0,0,0,3,0,0,0,0,0,1,0,0,2,2,0,0,2
org.apache.commons.dbcp2.TestDelegatingResultSet#testGetTimestampIntegerCalendar,8,3,174.660675,11.374375,15.355629,58.220225,3.7914583333333334,5.118543,465.7618,30.331666666666667,40.948344,0,0,0,0,1,0,0,0,0,0,0,0,0,0,0,0,0,1,0,0,1
org.apache.commons.dbcp2.TestDelegatingResultSet#testUpdateBlobStringInputStream,8,3,179.998825,11.435058,15.76705,59.999608333333335,3.811686,5.255683333333333,479.9968666666667,30.493488,42.04546666666666,0,0,0,0,1,0,0,0,0,0,0,0,0,0,0,0,0,1,0,0,1
org.apache.commons.dbcp2.TestDelegatingResultSet#testUpdateSQLXMLStringSQLXML,8,3,187.337585,11.495275,16.377618,62.445861666666666,3.831758333333333,5.459205999999999,499.5668933333333,30.654066666666665,43.67364799999999,0,0,0,0,1,0,0,0,0,0,0,0,0,0,0,0,0,1,0,0,1
org.apache.commons.dbcp2.TestBasicDataSource#testManualConnectionEvict,15,33,170.656662,11.413499,14.958757,5.171414,0.34586360606060607,0.45329566666666665,77.57121,5.18795409090909,6.799435,3,1,0,1,0,0,0,3,0,0,0,0,0,0,0,0,1,0,0,0,24
org.apache.commons.dbcp2.TestDelegatingDatabaseMetaData#testGeneratedKeyAlwaysReturned,8,2,183.770065,11.434021,16.046767,91.8850325,5.7170105,8.0233835,735.08026,45.736084,64.187068,0,0,0,0,1,0,0,0,0,0,0,0,0,0,0,0,0,1,0,0,0
org.apache.commons.dbcp2.TestBasicDataSource#testConnectionMBeansDisabled,12,7,169.015671,11.398916,14.840976,24.145095857142856,1.6284165714285714,2.1201394285714286,289.74115028571424,19.540998857142856,25.44167314285714,1,1,0,0,0,0,0,1,1,0,0,0,0,0,0,0,0,0,0,0,3
org.apache.commons.dbcp2.datasources.TestPerUserPoolDataSource#testPerUserDefaultAutoCommitMapNotInitialized,7,4,163.780869,11.412398,14.354552,40.94521725,2.8530995,3.588638,286.61652075,19.9716965,25.120466,1,1,0,0,0,0,0,0,0,0,0,0,0,0,0,0,0,0,0,0,2
org.apache.commons.dbcp2.TestDelegatingPreparedStatement#testSetURLIntegerUrl,8,2,177.715317,11.426858,15.591001,88.8576585,5.713429,7.7955005,710.861268,45.707432,62.364004,0,0,0,0,1,0,0,0,0,0,0,0,0,0,0,0,0,1,0,0,0
org.apache.commons.dbcp2.TestDelegatingDatabaseMetaData#testSupportsUnionAll,8,2,180.726639,11.394248,15.862207,90.3633195,5.697124,7.9311035,722.906556,45.576992,63.448828,0,0,0,0,1,0,0,0,0,0,0,0,0,0,0,0,0,1,0,0,0
org.apache.commons.dbcp2.datasources.TestPerUserPoolDataSource#testClosing,12,4,171.871368,11.411011,14.974421,42.967842,2.85275275,3.74360525,515.614104,34.233033000000006,44.923263,1,0,0,0,0,0,0,0,2,0,0,0,0,0,0,0,0,0,0,0,1
org.apache.commons.dbcp2.TestDelegatingDatabaseMetaData#testSupportsNamedParameters,8,2,181.542923,11.387212,15.965042,90.7714615,5.693606,7.982521,726.171692,45.548848,63.860168,0,0,0,0,1,0,0,0,0,0,0,0,0,0,0,0,0,1,0,0,0
org.apache.commons.dbcp2.datasources.TestPerUserPoolDataSource#testPerUserMinEvictableIdleDurationMapNotInitialized,8,6,159.967529,11.398138,14.039364,26.661254833333334,1.8996896666666665,2.339894,213.29003866666667,15.197517333333332,18.719152,2,1,0,0,0,0,0,0,0,0,0,0,0,0,0,0,0,0,0,0,3
org.apache.commons.dbcp2.datasources.TestPerUserPoolDataSource#testPerUserDurationBetweenEvictionRunsMapNotInitialized,8,6,167.869247,11.442531,14.672776,27.978207833333332,1.9070885000000002,2.445462666666667,223.82566266666666,15.256708000000001,19.563701333333334,2,1,0,0,0,0,0,0,0,0,0,0,0,0,0,0,0,0,0,0,3
org.apache.commons.dbcp2.TestDelegatingPreparedStatement#testSetArrayIntegerArray,8,2,178.246704,11.41938,15.60914,89.123352,5.70969,7.80457,712.986816,45.67752,62.43656,0,0,0,0,1,0,0,0,0,0,0,0,0,0,0,0,0,1,0,0,0
org.apache.commons.dbcp2.TestDelegatingPreparedStatement#testSetByteIntegerByte,8,2,175.718643,11.364725,15.463798,87.8593215,5.6823625,7.731899,702.874572,45.4589,61.855192,0,0,0,0,1,0,0,0,0,0,0,0,0,0,0,0,0,1,0,0,0
org.apache.commons.dbcp2.TestDelegatingResultSet#testUpdateStringIntegerString,8,3,202.145966,11.84791,17.059425,67.38198866666666,3.9493033333333334,5.686475000000001,539.0559093333333,31.594426666666667,45.491800000000005,0,0,0,0,1,0,0,0,0,0,0,0,0,0,0,0,0,1,0,0,1
org.apache.commons.dbcp2.TestPoolingDriver#test2,9,4,168.476959,11.430742,14.738581,42.11923975,2.8576855,3.68464525,379.07315775,25.719169500000003,33.16180725,0,1,0,0,1,0,0,0,0,0,0,0,0,0,0,0,0,0,0,0,2
org.apache.commons.dbcp2.TestDelegatingCallableStatement#testRegisterOutParameterStringSQLTypeString,8,3,183.50946,11.438385,16.113484,61.169819999999994,3.812795,5.371161333333333,489.35855999999995,30.50236,42.969290666666666,0,0,0,0,1,0,0,0,0,0,0,0,0,0,0,0,0,1,0,0,1
org.apache.commons.dbcp2.TestDelegatingDatabaseMetaData#testInsertsAreDetectedInteger,8,2,182.854172,11.412031,16.068973,91.427086,5.7060155,8.0344865,731.416688,45.648124,64.275892,0,0,0,0,1,0,0,0,0,0,0,0,0,0,0,0,0,1,0,0,0
org.apache.commons.dbcp2.TestDelegatingPreparedStatement#testSetSQLXMLIntegerSQLXML,8,2,177.40947,11.410998,15.547235,88.704735,5.705499,7.7736175,709.63788,45.643992,62.18894,0,0,0,0,1,0,0,0,0,0,0,0,0,0,0,0,0,1,0,0,0
org.apache.commons.dbcp2.TestPoolingConnection#testPrepareStatementWithResultSetHoldability,13,6,163.716339,11.415243,14.341906,27.2860565,1.9025405,2.390317666666667,354.7187345,24.733026499999998,31.074129666666664,4,0,0,0,0,0,0,0,0,0,0,0,0,0,0,0,0,1,0,0,1
org.apache.commons.dbcp2.TestDelegatingPreparedStatement#testSetTimeIntegerTimeCalendar,8,3,177.2211,11.426423,15.57079,59.0737,3.8088076666666666,5.190263333333333,472.5896,30.470461333333333,41.522106666666666,0,0,0,0,1,0,0,0,0,0,0,0,0,0,0,0,0,1,0,0,1
org.apache.commons.dbcp2.TestDelegatingDatabaseMetaData#testNullsAreSortedHigh,8,2,179.157898,11.419969,15.760213,89.578949,5.7099845,7.8801065,716.631592,45.679876,63.040852,0,0,0,0,1,0,0,0,0,0,0,0,0,0,0,0,0,1,0,0,0
org.apache.commons.dbcp2.TestBasicDataSource#testEmptyInitConnectionSql,8,12,166.568832,11.388091,14.616698,13.880735999999999,0.9490075833333332,1.2180581666666666,111.04588799999999,7.592060666666666,9.744465333333332,4,1,0,0,0,0,0,2,0,0,0,0,0,0,0,0,2,0,0,0,3
org.apache.commons.dbcp2.TestDelegatingCallableStatement#testGetByteString,8,3,173.317032,11.389746,15.243426,57.772344000000004,3.7965820000000003,5.081142,462.17875200000003,30.372656000000003,40.649136,0,0,0,0,1,0,0,0,0,0,0,0,0,0,0,0,0,1,0,0,1
org.apache.commons.dbcp2.TestDelegatingCallableStatement#testGetDoubleInteger,8,3,177.20224,11.447743,15.529449,59.06741333333333,3.815914333333333,5.176483,472.5393066666666,30.527314666666665,41.411864,0,0,0,0,1,0,0,0,0,0,0,0,0,0,0,0,0,1,0,0,1
org.apache.commons.dbcp2.TestDelegatingDatabaseMetaData#testSupportsOrderByUnrelated,8,2,185.683792,11.486452,16.146981,92.841896,5.743226,8.0734905,742.735168,45.945808,64.587924,0,0,0,0,1,0,0,0,0,0,0,0,0,0,0,0,0,1,0,0,0
org.apache.commons.dbcp2.TestPoolingDriver#testReportedBug28912,13,9,168.600525,11.360584,14.840832,18.733391666666666,1.2622871111111111,1.6489813333333334,243.53409166666668,16.409732444444444,21.436757333333336,7,0,0,0,0,0,0,0,0,0,0,0,0,0,0,0,2,0,0,0,0
org.apache.commons.dbcp2.TestDelegatingResultSet#testGetUnicodeStreamString,8,3,182.167984,11.464335,15.943879,60.72266133333333,3.821445,5.314626333333334,485.7812906666666,30.57156,42.51701066666667,0,0,0,0,1,0,0,0,0,0,0,0,0,0,0,0,0,1,0,0,1
org.apache.commons.dbcp2.TestDelegatingDatabaseMetaData#testOthersUpdatesAreVisibleInteger,8,2,187.779678,11.470163,16.371143,93.889839,5.7350815,8.1855715,751.118712,45.880652,65.484572,0,0,0,0,1,0,0,0,0,0,0,0,0,0,0,0,0,1,0,0,0
org.apache.commons.dbcp2.TestDelegatingResultSet#testGetBlobString,8,3,182.00206,11.411453,15.968675,60.66735333333333,3.8038176666666668,5.322891666666666,485.33882666666665,30.430541333333334,42.58313333333333,0,0,0,0,1,0,0,0,0,0,0,0,0,0,0,0,0,1,0,0,1
org.apache.commons.dbcp2.managed.TestManagedDataSource#testManagedConnectionEqualInnermost,11,5,167.378815,11.41469,14.67363,33.475763,2.282938,2.934726,368.23339300000004,25.112318000000002,32.281985999999996,4,0,0,0,0,0,0,0,0,0,0,0,0,0,0,0,0,0,0,0,1
org.apache.commons.dbcp2.TestDelegatingResultSet#testUpdateAsciiStreamStringInputStream,8,3,185.859802,11.46048,16.265207,61.953267333333336,3.82016,5.421735666666667,495.6261386666667,30.56128,43.373885333333334,0,0,0,0,1,0,0,0,0,0,0,0,0,0,0,0,0,1,0,0,1
org.apache.commons.dbcp2.TestDelegatingCallableStatement#testGetTimeStringCalendar,8,3,180.878433,11.391041,15.888765,60.292811,3.7970136666666665,5.2962549999999995,482.342488,30.376109333333332,42.370039999999996,0,0,0,0,1,0,0,0,0,0,0,0,0,0,0,0,0,1,0,0,1
org.apache.commons.dbcp2.TestDelegatingCallableStatement#testGetClobString,8,3,183.107697,11.387247,15.946028,61.035899,3.7957490000000003,5.315342666666667,488.287192,30.365992000000002,42.522741333333336,0,0,0,0,1,0,0,0,0,0,0,0,0,0,0,0,0,1,0,0,1
org.apache.commons.dbcp2.TestDelegatingCallableStatement#testGetStringInteger,8,3,183.035797,11.459813,15.990778,61.011932333333334,3.8199376666666667,5.330259333333333,488.0954586666667,30.559501333333333,42.642074666666666,0,0,0,0,1,0,0,0,0,0,0,0,0,0,0,0,0,1,0,0,1
org.apache.commons.dbcp2.TestDelegatingDatabaseMetaData#testGetDatabaseMajorVersion,8,2,181.649384,11.474046,15.831327,90.824692,5.737023,7.9156635,726.597536,45.896184,63.325308,0,0,0,0,1,0,0,0,0,0,0,0,0,0,0,0,0,1,0,0,0
org.apache.commons.dbcp2.TestDelegatingResultSet#testGetBinaryStreamString,8,3,189.352875,11.467568,16.484347,63.117625000000004,3.8225226666666665,5.494782333333333,504.94100000000003,30.580181333333332,43.958258666666666,0,0,0,0,1,0,0,0,0,0,0,0,0,0,0,0,0,1,0,0,1
org.apache.commons.dbcp2.TestDelegatingResultSet#testUpdateCharacterStreamStringReaderLong,8,3,182.985901,11.416568,16.028101,60.99530033333334,3.8055226666666666,5.342700333333333,487.9624026666667,30.444181333333333,42.741602666666665,0,0,0,0,1,0,0,0,0,0,0,0,0,0,0,0,0,1,0,0,1
org.apache.commons.dbcp2.datasources.TestCPDSConnectionFactory#testNullValidationQuery,10,5,168.536118,11.462101,14.729204,33.7072236,2.2924202,2.9458408,337.072236,22.924202,29.458408,0,1,0,0,1,0,0,0,0,0,0,0,0,0,0,0,0,1,0,0,2
org.apache.commons.dbcp2.TestDelegatingResultSet#testUpdateAsciiStreamIntegerInputStream,8,3,184.011353,11.417753,16.116249,61.33711766666667,3.8059176666666663,5.372083,490.69694133333337,30.44734133333333,42.976664,0,0,0,0,1,0,0,0,0,0,0,0,0,0,0,0,0,1,0,0,1
org.apache.commons.dbcp2.TestPoolingConnection#testPrepareStatementWithColumnNames,9,4,164.573044,11.386158,14.455913,41.143261,2.8465395,3.61397825,370.289349,25.618855500000002,32.52580425,2,0,0,0,0,0,0,0,0,0,0,0,0,0,0,0,0,1,0,0,1
org.apache.commons.dbcp2.TestDelegatingCallableStatement#testSetObjectStringObjectInteger,8,3,182.199341,11.436849,15.966821,60.73311366666667,3.8122830000000003,5.322273666666667,485.86490933333334,30.498264000000002,42.578189333333334,0,0,0,0,1,0,0,0,0,0,0,0,0,0,0,0,0,1,0,0,1
org.apache.commons.dbcp2.datasources.TestPerUserPoolDataSource#testPerUserDefaultReadOnlyWithUserMapNotInitializedMissingKey,5,4,166.203827,11.43024,14.540712,41.55095675,2.85756,3.635178,207.75478374999997,14.287799999999999,18.17589,1,1,0,0,0,0,0,0,0,0,0,0,0,0,0,0,0,0,0,0,2
org.apache.commons.dbcp2.datasources.TestPerUserPoolDataSource#testPerUserTestOnBorrowWithUserMapInitialized,8,7,170.63295,11.459938,14.968861,24.376135714285713,1.6371339999999999,2.138408714285714,195.0090857142857,13.097071999999999,17.107269714285714,3,1,0,0,0,0,0,0,0,0,0,0,0,0,0,0,1,0,0,0,2
org.apache.commons.dbcp2.TestDelegatingDatabaseMetaData#testGetIndexInfoStringStringStringBooleanBoolean,8,2,183.231339,11.405475,16.065209,91.6156695,5.7027375,8.0326045,732.925356,45.6219,64.260836,0,0,0,0,1,0,0,0,0,0,0,0,0,0,0,0,0,1,0,0,0
org.apache.commons.dbcp2.TestDelegatingCallableStatement#testSetTimeStringTimeCalendar,8,3,183.923492,11.406964,16.064808,61.30783066666667,3.8023213333333334,5.3549359999999995,490.46264533333334,30.418570666666668,42.839487999999996,0,0,0,0,1,0,0,0,0,0,0,0,0,0,0,0,0,1,0,0,1
org.apache.commons.dbcp2.TestPoolableConnection#testMXBeanCompliance,9,2,166.585297,11.401874,14.640672,83.2926485,5.700937,7.320336,749.6338365,51.308433,65.883024,1,0,0,0,0,0,0,0,0,0,0,0,0,0,0,0,0,1,0,0,0
org.apache.commons.dbcp2.datasources.TestPerUserPoolDataSource#testPerUserTestWhileIdleWithUserMapNotInitializedMissingKey,5,5,168.54248,11.442916,14.72898,33.708496000000004,2.2885832,2.945796,168.54248,11.442916,14.72898,1,1,0,0,0,0,0,0,0,0,0,0,0,0,0,0,0,0,0,0,3
org.apache.commons.dbcp2.TestDelegatingDatabaseMetaData#testNullsAreSortedLow,8,2,181.111435,11.439581,15.869822,90.5557175,5.7197905,7.934911,724.44574,45.758324,63.479288,0,0,0,0,1,0,0,0,0,0,0,0,0,0,0,0,0,1,0,0,0
org.apache.commons.dbcp2.TestDelegatingResultSet#testGetIntInteger,8,3,188.368073,11.454386,16.455115,62.78935766666667,3.8181286666666665,5.485038333333333,502.31486133333334,30.545029333333332,43.88030666666666,0,0,0,0,1,0,0,0,0,0,0,0,0,0,0,0,0,1,0,0,1
org.apache.commons.dbcp2.TestDelegatingCallableStatement#testGetRefInteger,8,3,178.153564,11.412441,15.660666,59.38452133333333,3.804147,5.220222000000001,475.07617066666666,30.433176,41.761776000000005,0,0,0,0,1,0,0,0,0,0,0,0,0,0,0,0,0,1,0,0,1
org.apache.commons.dbcp2.TestDelegatingPreparedStatement#testSetNClobIntegerReader,8,3,178.543243,11.455421,15.692902,59.51441433333333,3.8184736666666663,5.230967333333333,476.1153146666666,30.54778933333333,41.847738666666665,0,0,0,0,1,0,0,0,0,0,0,0,0,0,0,0,0,1,0,0,1
org.apache.commons.dbcp2.TestDelegatingPreparedStatement#testSetRefIntegerRef,8,2,176.103561,11.36592,15.493999,88.0517805,5.68296,7.7469995,704.414244,45.46368,61.975996,0,0,0,0,1,0,0,0,0,0,0,0,0,0,0,0,0,1,0,0,0
org.apache.commons.dbcp2.TestDelegatingResultSet#testUpdateIntIntegerInteger,8,3,184.486359,11.431257,16.138764,61.495453,3.810419,5.379587999999999,491.963624,30.483352,43.03670399999999,0,0,0,0,1,0,0,0,0,0,0,0,0,0,0,0,0,1,0,0,1
org.apache.commons.dbcp2.TestBasicDataSource#testPoolCloseCheckedException,22,18,172.202682,11.490097,15.048041,9.566815666666667,0.6383387222222222,0.8360022777777778,210.46994466666666,14.043451888888889,18.39205011111111,4,1,0,0,0,0,0,3,0,0,0,0,0,0,0,0,0,1,0,0,9
org.apache.commons.dbcp2.TestDelegatingDatabaseMetaData#testGetSchemasStringString,8,3,179.895599,11.433917,15.714395,59.96519966666667,3.8113056666666663,5.238131666666667,479.72159733333336,30.49044533333333,41.905053333333335,0,0,0,0,1,0,0,0,0,0,0,0,0,0,0,0,0,1,0,0,1
org.apache.commons.dbcp2.TestDelegatingPreparedStatement#testGetDelegate,5,2,178.588638,11.41414,15.646263,89.294319,5.70707,7.8231315,446.471595,28.535349999999998,39.1156575,1,0,0,0,0,0,0,0,0,0,0,0,0,0,0,0,0,0,0,0,1
org.apache.commons.dbcp2.TestDelegatingPreparedStatement#testSetBlobIntegerBlob,8,3,178.040421,11.456381,15.514077,59.346807000000005,3.8187936666666666,5.171359,474.77445600000004,30.550349333333333,41.370872,0,0,0,0,1,0,0,0,0,0,0,0,0,0,0,0,0,1,0,0,1
org.apache.commons.dbcp2.TestDelegatingDatabaseMetaData#testGetExtraNameCharacters,8,2,184.056915,11.420375,16.116539,92.0284575,5.7101875,8.0582695,736.22766,45.6815,64.466156,0,0,0,0,1,0,0,0,0,0,0,0,0,0,0,0,0,1,0,0,0
org.apache.commons.dbcp2.TestDelegatingDatabaseMetaData#testGetCrossReferenceStringStringStringStringStringString,8,2,180.367508,11.391993,15.862218,90.183754,5.6959965,7.931109,721.470032,45.567972,63.448872,0,0,0,0,1,0,0,0,0,0,0,0,0,0,0,0,0,1,0,0,0
org.apache.commons.dbcp2.datasources.TestPerUserPoolDataSource#testPerUserMaxTotalMapNotInitialized,7,4,165.573685,11.377806,14.552339,41.39342125,2.8444515,3.63808475,289.75394875000006,19.9111605,25.466593250000003,1,1,0,0,0,0,0,0,0,0,0,0,0,0,0,0,0,0,0,0,2
org.apache.commons.dbcp2.TestDelegatingDatabaseMetaData#testGetMaxCatalogNameLength,8,2,185.928802,11.446442,16.243371,92.964401,5.723221,8.1216855,743.715208,45.785768,64.973484,0,0,0,0,1,0,0,0,0,0,0,0,0,0,0,0,0,1,0,0,0
org.apache.commons.dbcp2.TestDelegatingDatabaseMetaData#testSupportsOuterJoins,8,2,182.42363,11.454929,15.960698,91.211815,5.7274645,7.980349,729.69452,45.819716,63.842792,0,0,0,0,1,0,0,0,0,0,0,0,0,0,0,0,0,1,0,0,0
org.apache.commons.dbcp2.TestDelegatingResultSet#testUpdateNClobStringReader,8,3,179.821579,11.36893,15.757427,59.94052633333334,3.7896433333333337,5.252475666666666,479.5242106666667,30.31714666666667,42.01980533333333,0,0,0,0,1,0,0,0,0,0,0,0,0,0,0,0,0,1,0,0,1
org.apache.commons.dbcp2.TestDelegatingResultSet#testUpdateObjectStringObjectInteger,8,3,164.524689,11.405205,14.442926,54.841563,3.8017350000000003,4.814308666666666,438.732504,30.413880000000002,38.51446933333333,0,0,0,0,1,0,0,0,0,0,0,0,0,0,0,0,0,1,0,0,1
org.apache.commons.dbcp2.TestBasicDataSource#testCreateDataSourceCleanupEvictor,25,38,165.534515,10.947671,15.120524,4.356171447368421,0.2880966052631579,0.3979085263157895,108.90428618421052,7.202415131578947,9.947713157894736,2,1,0,1,0,0,0,1,1,0,0,0,0,1,0,0,0,1,0,0,30
org.apache.commons.dbcp2.TestDelegatingDatabaseMetaData#testGetMaxStatements,8,2,173.676163,11.434639,15.241683,86.8380815,5.7173195,7.6208415,694.704652,45.738556,60.966732,0,0,0,0,1,0,0,0,0,0,0,0,0,0,0,0,0,1,0,0,0
org.apache.commons.dbcp2.TestDelegatingCallableStatement#testGetTimeString,8,3,193.062836,11.830541,16.368402,64.35427866666667,3.9435136666666666,5.456134,514.8342293333334,31.548109333333333,43.649072,0,0,0,0,1,0,0,0,0,0,0,0,0,0,0,0,0,1,0,0,1
org.apache.commons.dbcp2.datasources.TestPerUserPoolDataSource#testPerUserLifoMapNotInitialized,7,4,161.069092,11.446186,14.103202,40.267273,2.8615465,3.5258005,281.87091100000004,20.030825500000002,24.6806035,1,1,0,0,0,0,0,0,0,0,0,0,0,0,0,0,0,0,0,0,2
org.apache.commons.dbcp2.datasources.TestUserPassKey#testEquals,9,10,162.948822,11.442892,14.240178,16.2948822,1.1442892,1.4240178000000001,146.6539398,10.2986028,12.816160199999999,7,0,0,0,0,2,0,0,0,0,0,0,0,0,0,0,0,0,0,0,1
org.apache.commons.dbcp2.TestDelegatingCallableStatement#testSetClobStringReaderLong,8,3,182.363327,11.449256,15.898316,60.78777566666667,3.816418666666667,5.299438666666666,486.30220533333335,30.531349333333335,42.39550933333333,0,0,0,0,1,0,0,0,0,0,0,0,0,0,0,0,0,1,0,0,1
org.apache.commons.dbcp2.TestDelegatingDatabaseMetaData#testGetColumnPrivilegesStringStringStringString,8,2,178.75174,11.406946,15.663752,89.37587,5.703473,7.831876,715.00696,45.627784,62.655008,0,0,0,0,1,0,0,0,0,0,0,0,0,0,0,0,0,1,0,0,0
org.apache.commons.dbcp2.TestDelegatingDatabaseMetaData#testSupportsResultSetHoldabilityInteger,8,2,178.984238,11.42221,15.694603,89.492119,5.711105,7.8473015,715.936952,45.68884,62.778412,0,0,0,0,1,0,0,0,0,0,0,0,0,0,0,0,0,1,0,0,0
org.apache.commons.dbcp2.managed.TestManagedDataSource#testAccessToUnderlyingConnectionAllowed,14,8,169.217636,11.400431,14.773084,21.1522045,1.425053875,1.8466355,296.13086300000003,19.95075425,25.852897000000002,6,0,0,0,0,0,0,0,0,0,0,0,0,0,0,0,0,2,0,0,0
org.apache.commons.dbcp2.TestPoolableConnection#testConnectionPool,7,5,163.908798,11.354592,14.440042,32.7817596,2.2709184000000002,2.8880084,229.4723172,15.8964288,20.2160588,2,0,0,0,0,0,0,2,0,0,0,0,0,0,0,0,0,0,0,0,1
org.apache.commons.dbcp2.TestDelegatingResultSet#testUpdateTimeIntegerTime,8,3,182.775406,11.463823,15.943669,60.92513533333334,3.821274333333333,5.314556333333333,487.4010826666667,30.570194666666666,42.516450666666664,0,0,0,0,1,0,0,0,0,0,0,0,0,0,0,0,0,1,0,0,1
org.apache.commons.dbcp2.datasources.TestPerUserPoolDataSource#testPerUserTestWhileIdleWithUserMapNotInitialized,5,4,167.018524,11.378492,14.668605,41.754631,2.844623,3.66715125,208.773155,14.223114999999998,18.33575625,1,1,0,0,0,0,0,0,0,0,0,0,0,0,0,0,0,0,0,0,2
org.apache.commons.dbcp2.TestDelegatingResultSet#testGetHoldability,8,2,183.146896,11.446236,16.07688,91.573448,5.723118,8.03844,732.587584,45.784944,64.30752,0,0,0,0,1,0,0,0,0,0,0,0,0,0,0,0,0,1,0,0,0
org.apache.commons.dbcp2.datasources.TestPerUserPoolDataSource#testPerUserMaxWaitMillisWithUserMapNotInitializedMissingKey_Deprecated,5,5,162.07756,11.415186,14.176259,32.415512,2.2830372,2.8352518,162.07756,11.415186,14.176259,1,1,0,0,0,0,0,0,0,0,0,0,0,0,0,0,0,0,0,0,3
org.apache.commons.dbcp2.TestDelegatingCallableStatement#testGetNClobInteger,8,3,180.406815,11.43558,15.764072,60.135605,3.81186,5.254690666666667,481.08484,30.49488,42.037525333333335,0,0,0,0,1,0,0,0,0,0,0,0,0,0,0,0,0,1,0,0,1
org.apache.commons.dbcp2.TestDelegatingResultSet#testGetDoubleInteger,8,3,184.679962,11.416141,16.160357,61.55998733333333,3.8053803333333334,5.386785666666667,492.47989866666666,30.443042666666667,43.09428533333334,0,0,0,0,1,0,0,0,0,0,0,0,0,0,0,0,0,1,0,0,1
org.apache.commons.dbcp2.TestDelegatingPreparedStatement#testSetRowIdIntegerRowId,8,2,182.628845,11.443172,15.959635,91.3144225,5.721586,7.9798175,730.51538,45.772688,63.83854,0,0,0,0,1,0,0,0,0,0,0,0,0,0,0,0,0,1,0,0,0
org.apache.commons.dbcp2.TestDelegatingCallableStatement#testSetObjectStringObjectIntegerInteger,8,3,185.33284,11.432859,16.136596,61.777613333333335,3.810953,5.378865333333334,494.2209066666667,30.487624,43.03092266666667,0,0,0,0,1,0,0,0,0,0,0,0,0,0,0,0,0,1,0,0,1
org.apache.commons.dbcp2.TestDelegatingCallableStatement#testGetTimeInteger,8,3,183.349289,11.428001,16.080362,61.11642966666667,3.809333666666667,5.360120666666667,488.93143733333335,30.474669333333335,42.880965333333336,0,0,0,0,1,0,0,0,0,0,0,0,0,0,0,0,0,1,0,0,1
org.apache.commons.dbcp2.TestBasicDataSource#testDeprecatedAccessors,36,26,167.043549,11.43972,14.538908,6.424751884615385,0.43998923076923074,0.5591887692307692,231.29106784615388,15.839612307692308,20.130795692307693,16,1,0,0,0,0,0,2,0,0,0,0,0,1,0,0,0,0,0,0,6
org.apache.commons.dbcp2.TestDelegatingResultSet#testUpdateClobStringReader,8,3,185.939316,11.500937,16.18063,61.979772,3.833645666666667,5.393543333333334,495.838176,30.669165333333336,43.14834666666667,0,0,0,0,1,0,0,0,0,0,0,0,0,0,0,0,0,1,0,0,1
org.apache.commons.dbcp2.TestDelegatingDatabaseMetaData#testGetURL,8,2,180.139145,11.439205,15.747523,90.0695725,5.7196025,7.8737615,720.55658,45.75682,62.990092,0,0,0,0,1,0,0,0,0,0,0,0,0,0,0,0,0,1,0,0,0
org.apache.commons.dbcp2.TestDelegatingDatabaseMetaData#testSupportsMultipleTransactions,8,2,185.312241,11.438528,16.153044,92.6561205,5.719264,8.076522,741.248964,45.754112,64.612176,0,0,0,0,1,0,0,0,0,0,0,0,0,0,0,0,0,1,0,0,0
org.apache.commons.dbcp2.TestDelegatingResultSet#testGetFloatString,8,3,184.829071,11.431697,16.183044,61.60969033333333,3.8105656666666667,5.394348,492.87752266666666,30.484525333333334,43.154784,0,0,0,0,1,0,0,0,0,0,0,0,0,0,0,0,0,1,0,0,1
org.apache.commons.dbcp2.TestDelegatingResultSet#testGetNClobInteger,8,3,186.704651,11.474449,16.267547,62.23488366666667,3.824816333333333,5.4225156666666665,497.87906933333335,30.598530666666665,43.38012533333333,0,0,0,0,1,0,0,0,0,0,0,0,0,0,0,0,0,1,0,0,1
org.apache.commons.dbcp2.datasources.TestPerUserPoolDataSource#testClosingWithUserName,18,6,170.723679,11.465095,14.957611,28.4539465,1.9108491666666667,2.492935166666667,512.1710370000001,34.395285,44.872833,1,0,0,0,0,0,0,0,4,0,0,0,0,0,0,0,0,0,0,0,1
org.apache.commons.dbcp2.TestDelegatingResultSet#testUpdateBinaryStreamIntegerInputStreamLong,8,3,189.746002,11.499698,16.483348,63.24866733333334,3.833232666666667,5.494449333333333,505.9893386666667,30.665861333333336,43.95559466666666,0,0,0,0,1,0,0,0,0,0,0,0,0,0,0,0,0,1,0,0,1
org.apache.commons.dbcp2.TestDelegatingCallableStatement#testSetLongStringLong,8,2,186.680191,11.496114,16.238547,93.3400955,5.748057,8.1192735,746.720764,45.984456,64.954188,0,0,0,0,1,0,0,0,0,0,0,0,0,0,0,0,0,1,0,0,0
org.apache.commons.dbcp2.TestDelegatingResultSet#testGetBytesInteger,8,3,183.420898,11.47076,16.076925,61.14029933333333,3.823586666666667,5.358975,489.12239466666665,30.588693333333335,42.8718,0,0,0,0,1,0,0,0,0,0,0,0,0,0,0,0,0,1,0,0,1
org.apache.commons.dbcp2.TestDelegatingCallableStatement#testGetTimestampIntegerCalendar,8,3,185.612457,11.473921,16.180556,61.870819000000004,3.8246403333333334,5.393518666666666,494.96655200000004,30.597122666666667,43.14814933333333,0,0,0,0,1,0,0,0,0,0,0,0,0,0,0,0,0,1,0,0,1
org.apache.commons.dbcp2.TestPoolableConnection#testClosingWrappedInDelegate,13,15,165.347916,11.417916,14.368563,11.0231944,0.7611944,0.9579042,143.3015272,9.8955272,12.4527546,8,1,0,0,0,0,0,4,0,0,0,0,0,0,0,0,1,0,0,0,1
org.apache.commons.dbcp2.TestDelegatingResultSet#testGetTimeInteger,8,3,176.357269,11.415786,15.466561,58.78575633333333,3.8052620000000004,5.1555203333333335,470.28605066666665,30.442096000000003,41.24416266666667,0,0,0,0,1,0,0,0,0,0,0,0,0,0,0,0,0,1,0,0,1
org.apache.commons.dbcp2.datasources.TestPerUserPoolDataSource#testMaxWaitMillisZero,12,5,173.497009,11.469554,15.126744,34.6994018,2.2939108,3.0253488,416.39282159999993,27.5269296,36.3041856,0,1,0,0,0,0,0,0,0,0,0,0,0,0,0,0,0,1,0,0,3
org.apache.commons.dbcp2.TestDelegatingDatabaseMetaData#testSupportsCorrelatedSubqueries,8,2,186.537292,11.459809,16.364781,93.268646,5.7299045,8.1823905,746.149168,45.839236,65.459124,0,0,0,0,1,0,0,0,0,0,0,0,0,0,0,0,0,1,0,0,0
org.apache.commons.dbcp2.TestDelegatingResultSet#testMoveToInsertRow,8,2,182.963425,11.460544,16.047256,91.4817125,5.730272,8.023628,731.8537,45.842176,64.189024,0,0,0,0,1,0,0,0,0,0,0,0,0,0,0,0,0,1,0,0,0
org.apache.commons.dbcp2.TestDelegatingResultSet#testWrap,11,9,184.408691,11.46556,16.080371,20.489854555555556,1.273951111111111,1.7867078888888888,225.3884001111111,14.013462222222222,19.653786777777775,8,1,0,0,0,0,0,0,0,0,0,0,0,0,0,0,0,0,0,0,0
org.apache.commons.dbcp2.TestBasicDataSource#testJmxDisabled,12,10,169.672516,11.420826,14.885944,16.9672516,1.1420826,1.4885944,203.6070192,13.704991199999998,17.8631328,1,1,0,0,0,0,0,1,1,0,0,0,0,0,0,0,0,0,0,0,6
org.apache.commons.dbcp2.datasources.TestPerUserPoolDataSource#testPerUserTestOnCreateMapNotInitialized,7,4,168.623917,11.438052,14.743242,42.15597925,2.859513,3.6858105,295.09185475000004,20.016591000000002,25.800673500000002,1,1,0,0,0,0,0,0,0,0,0,0,0,0,0,0,0,0,0,0,2
org.apache.commons.dbcp2.TestDelegatingResultSet#testGetBigDecimalIntegerInteger,8,3,160.440811,11.392258,14.056992,53.48027033333333,3.7974193333333335,4.685664,427.84216266666664,30.379354666666668,37.485312,0,0,0,0,1,0,0,0,0,0,0,0,0,0,0,0,0,1,0,0,1
org.apache.commons.dbcp2.TestDelegatingCallableStatement#testSetIntStringInteger,8,2,179.646667,11.404929,15.762447,89.8233335,5.7024645,7.8812235,718.586668,45.619716,63.049788,0,0,0,0,1,0,0,0,0,0,0,0,0,0,0,0,0,1,0,0,0
org.apache.commons.dbcp2.TestListException#testExceptionList,6,6,154.819565,11.404814,13.534305,25.803260833333336,1.9008023333333333,2.2557175,154.819565,11.404814,13.534305,2,1,0,0,0,0,0,0,0,0,0,0,0,0,0,0,0,0,0,0,3
org.apache.commons.dbcp2.TestDelegatingCallableStatement#testRegisterOutParameterIntegerIntegerInteger,8,3,181.294174,11.43528,15.86278,60.43139133333333,3.81176,5.287593333333334,483.45113066666664,30.49408,42.30074666666667,0,0,0,0,1,0,0,0,0,0,0,0,0,0,0,0,0,1,0,0,1
org.apache.commons.dbcp2.TestDelegatingResultSet#testUpdateNClobIntegerReader,8,3,184.207382,11.427421,16.080091,61.40246066666666,3.8091403333333336,5.3600303333333335,491.2196853333333,30.47312266666667,42.88024266666667,0,0,0,0,1,0,0,0,0,0,0,0,0,0,0,0,0,1,0,0,1
org.apache.commons.dbcp2.TestPStmtKey#testCtorStringStringArrayOfNullInts,5,4,164.370056,11.450016,14.324389,41.092514,2.862504,3.58109725,205.46257,14.31252,17.90548625,1,1,0,0,0,0,0,0,0,0,0,0,0,0,0,0,0,0,0,0,2
org.apache.commons.dbcp2.datasources.TestPerUserPoolDataSource#testPerUserTestWhileIdleMapNotInitializedMissingKey,7,5,158.730026,11.432349,13.884288,31.746005200000003,2.2864698,2.7768576,222.2220364,16.0052886,19.4380032,1,1,0,0,0,0,0,0,0,0,0,0,0,0,0,0,0,0,0,0,3
org.apache.commons.dbcp2.TestDelegatingResultSet#testLast,8,2,181.496353,11.428297,15.881282,90.7481765,5.7141485,7.940641,725.985412,45.713188,63.525128,0,0,0,0,1,0,0,0,0,0,0,0,0,0,0,0,0,1,0,0,0
org.apache.commons.dbcp2.TestDelegatingResultSet#testUpdateBinaryStreamIntegerInputStream,8,3,183.712997,11.426925,16.021663,61.237665666666665,3.808975,5.340554333333333,489.9013253333333,30.4718,42.72443466666667,0,0,0,0,1,0,0,0,0,0,0,0,0,0,0,0,0,1,0,0,1
org.apache.commons.dbcp2.TestLifetimeExceededException#testLifetimeExceededExceptionNoMessage,4,4,163.769531,11.453905,14.33837,40.94238275,2.86347625,3.5845925,163.769531,11.453905,14.33837,1,1,0,0,0,0,0,0,0,0,0,0,0,0,0,0,0,0,0,0,2
org.apache.commons.dbcp2.datasources.TestPerUserPoolDataSource#testIncorrectPassword,28,8,172.890076,11.416073,15.19318,21.6112595,1.427009125,1.8991475,605.115266,39.956255500000005,53.17613,0,0,0,0,0,0,0,0,1,0,0,0,0,1,0,0,1,4,0,0,1
org.apache.commons.dbcp2.TestBasicDataSource#testSetProperties,35,34,167.937637,11.431445,14.642643,4.939342264705882,0.3362189705882353,0.4306659705882353,172.87697926470588,11.767663970588236,15.073308970588235,20,0,0,0,0,0,0,7,0,0,0,0,0,1,0,0,5,1,0,0,0
org.apache.commons.dbcp2.TestDelegatingResultSet#testUpdateBlobStringBlob,8,3,186.730865,11.463694,16.272839,62.24362166666666,3.8212313333333334,5.424279666666667,497.9489733333333,30.569850666666667,43.394237333333336,0,0,0,0,1,0,0,0,0,0,0,0,0,0,0,0,0,1,0,0,1
org.apache.commons.dbcp2.TestDelegatingCallableStatement#testGetDateIntegerCalendar,8,3,184.493591,11.444919,16.076122,61.49786366666667,3.814973,5.358707333333334,491.98290933333334,30.519784,42.86965866666667,0,0,0,0,1,0,0,0,0,0,0,0,0,0,0,0,0,1,0,0,1
org.apache.commons.dbcp2.datasources.TestPerUserPoolDataSource#testPerUserMinIdleMapNotInitialized,7,4,161.45842,11.430841,14.063277,40.364605,2.85771025,3.51581925,282.552235,20.003971749999998,24.61073475,1,1,0,0,0,0,0,0,0,0,0,0,0,0,0,0,0,0,0,0,2
org.apache.commons.dbcp2.TestDelegatingResultSet#testUpdateCharacterStreamStringReaderInteger,8,3,181.442764,11.407129,15.895741,60.480921333333335,3.802376333333333,5.298580333333333,483.8473706666667,30.419010666666665,42.38864266666666,0,0,0,0,1,0,0,0,0,0,0,0,0,0,0,0,0,1,0,0,1
org.apache.commons.dbcp2.TestBasicDataSource#testJmxDoesNotExposePassword,16,11,166.715057,11.451864,14.571798,15.155914272727273,1.0410785454545455,1.324708909090909,242.49462836363637,16.657256727272728,21.195342545454544,2,1,0,0,0,0,0,1,0,0,0,0,0,0,0,0,0,1,0,0,6
org.apache.commons.dbcp2.TestDelegatingCallableStatement#testSetNClobStringReader,8,3,186.437149,11.470544,16.253558,62.14571633333333,3.8235146666666666,5.4178526666666675,497.16573066666666,30.588117333333333,43.34282133333334,0,0,0,0,1,0,0,0,0,0,0,0,0,0,0,0,0,1,0,0,1
org.apache.commons.dbcp2.datasources.TestPerUserPoolDataSource#testMultipleThreads2,6,2,175.364395,10.98228,16.040472,87.6821975,5.49114,8.020236,526.0931850000001,32.94684,48.121416,0,0,0,0,1,0,0,0,0,0,0,0,0,0,0,0,0,0,0,0,1
org.apache.commons.dbcp2.TestDelegatingResultSet#testGetTimeStringCalendar,8,3,187.22229,11.463336,16.345182,62.40743,3.821112,5.448394,499.25944,30.568896,43.587152,0,0,0,0,1,0,0,0,0,0,0,0,0,0,0,0,0,1,0,0,1
org.apache.commons.dbcp2.datasources.TestPerUserPoolDataSource#testPerUserTestOnBorrowWithUserMapNotInitializedMissingKey,5,5,159.929657,11.387743,14.038264,31.9859314,2.2775486000000003,2.8076528,159.929657,11.387743,14.038264,1,1,0,0,0,0,0,0,0,0,0,0,0,0,0,0,0,0,0,0,3
org.apache.commons.dbcp2.TestDelegatingDatabaseMetaData#testNullsAreSortedAtEnd,8,2,174.5513,11.461876,15.228859,87.27565,5.730938,7.6144295,698.2052,45.847504,60.915436,0,0,0,0,1,0,0,0,0,0,0,0,0,0,0,0,0,1,0,0,0
org.apache.commons.dbcp2.managed.TestManagedDataSource#testTransactionRegistryNotInitialized,5,1,169.311447,11.42343,14.757274,169.311447,11.42343,14.757274,846.5572349999999,57.117149999999995,73.78637,0,0,0,0,0,0,0,0,0,0,0,0,0,0,0,0,0,1,0,0,0
org.apache.commons.dbcp2.TestDelegatingDatabaseMetaData#testSupportsCoreSQLGrammar,8,2,180.964951,11.422485,15.842871,90.4824755,5.7112425,7.9214355,723.859804,45.68994,63.371484,0,0,0,0,1,0,0,0,0,0,0,0,0,0,0,0,0,1,0,0,0
org.apache.commons.dbcp2.TestDelegatingDatabaseMetaData#testGetMaxConnections,8,2,197.631866,11.816621,16.766539,98.815933,5.9083105,8.3832695,790.527464,47.266484,67.066156,0,0,0,0,1,0,0,0,0,0,0,0,0,0,0,0,0,1,0,0,0
org.apache.commons.dbcp2.TestDelegatingCallableStatement#testSetTimestampStringTimestampCalendar,8,3,180.855225,11.408994,15.851987,60.285075,3.802998,5.283995666666667,482.2806,30.423984,42.271965333333334,0,0,0,0,1,0,0,0,0,0,0,0,0,0,0,0,0,1,0,0,1
org.apache.commons.dbcp2.TestDelegatingResultSet#testUpdateBinaryStreamStringInputStream,8,3,180.861588,11.393359,15.874299,60.287196,3.7977863333333333,5.2914330000000005,482.297568,30.382290666666666,42.331464000000004,0,0,0,0,1,0,0,0,0,0,0,0,0,0,0,0,0,1,0,0,1
org.apache.commons.dbcp2.TestDelegatingResultSet#testUpdateByteStringByte,8,3,182.472595,11.429763,15.949088,60.824198333333335,3.8099209999999997,5.316362666666667,486.5935866666667,30.479367999999997,42.53090133333333,0,0,0,0,1,0,0,0,0,0,0,0,0,0,0,0,0,1,0,0,1
org.apache.commons.dbcp2.managed.TestBasicManagedDataSource#testSetXaDataSourceInstance,12,11,164.527313,11.406684,14.423763,14.957028454545453,1.0369712727272729,1.3112511818181818,179.48434145454544,12.443655272727273,15.735014181818181,1,1,0,0,0,0,0,0,0,0,0,0,0,0,0,0,0,1,0,0,8
org.apache.commons.dbcp2.TestDelegatingPreparedStatement#testSetDateIntegerSqlDate,8,3,170.965164,11.412487,14.968324,56.98838799999999,3.8041623333333336,4.989441333333334,455.90710399999995,30.43329866666667,39.91553066666667,0,0,0,0,1,0,0,0,0,0,0,0,0,0,0,0,0,1,0,0,1
org.apache.commons.dbcp2.TestBasicDataSource#testCreateDataSourceCleanupThreads,25,53,168.908966,11.4149,14.75649,3.186961622641509,0.2153754716981132,0.2784243396226415,79.67404056603773,5.38438679245283,6.960608490566037,1,1,0,0,0,0,0,1,1,0,0,0,0,0,0,0,0,1,0,0,48
org.apache.commons.dbcp2.datasources.TestPerUserPoolDataSource#testPerUserLifoWithUserMapNotInitializedMissingKey,5,5,163.709152,11.415249,14.259752,32.7418304,2.2830497999999997,2.8519504,163.709152,11.415249,14.259752,1,1,0,0,0,0,0,0,0,0,0,0,0,0,0,0,0,0,0,0,3
org.apache.commons.dbcp2.TestPoolingDriver#test1,10,1,172.572815,11.4301,15.143753,172.572815,11.4301,15.143753,1725.72815,114.30099999999999,151.43752999999998,1,0,0,0,0,0,0,0,0,0,0,0,0,0,0,0,0,0,0,0,0
org.apache.commons.dbcp2.TestDelegatingDatabaseMetaData#testSupportsUnion,8,2,180.40741,11.39423,15.845072,90.203705,5.697115,7.922536,721.62964,45.57692,63.380288,0,0,0,0,1,0,0,0,0,0,0,0,0,0,0,0,0,1,0,0,0
org.apache.commons.dbcp2.TestDelegatingCallableStatement#testGetCharacterStreamString,8,3,180.57193,11.420642,15.85617,60.190643333333334,3.806880666666667,5.2853900000000005,481.52514666666667,30.455045333333334,42.283120000000004,0,0,0,0,1,0,0,0,0,0,0,0,0,0,0,0,0,1,0,0,1
org.apache.commons.dbcp2.TestDelegatingCallableStatement#testSetObjectStringObjectSQLType,8,3,183.62233,11.432713,16.061133,61.20744333333334,3.8109043333333332,5.3537110000000006,489.6595466666667,30.487234666666666,42.829688000000004,0,0,0,0,1,0,0,0,0,0,0,0,0,0,0,0,0,1,0,0,1
org.apache.commons.dbcp2.TestDelegatingResultSet#testIsClosed,8,2,184.356384,11.425808,16.060584,92.178192,5.712904,8.030292,737.425536,45.703232,64.242336,0,0,0,0,1,0,0,0,0,0,0,0,0,0,0,0,0,1,0,0,0
org.apache.commons.dbcp2.TestDelegatingPreparedStatement#testSetFloatIntegerFloat,8,2,180.644318,11.402933,15.879424,90.322159,5.7014665,7.939712,722.577272,45.611732,63.517696,0,0,0,0,1,0,0,0,0,0,0,0,0,0,0,0,0,1,0,0,0
org.apache.commons.dbcp2.TestDelegatingDatabaseMetaData#testGetMaxColumnNameLength,8,2,181.605011,11.412063,15.979267,90.8025055,5.7060315,7.9896335,726.420044,45.648252,63.917068,0,0,0,0,1,0,0,0,0,0,0,0,0,0,0,0,0,1,0,0,0
org.apache.commons.dbcp2.TestDelegatingResultSet#testGetLongInteger,8,3,184.627991,11.453899,16.182342,61.54266366666667,3.817966333333333,5.394113999999999,492.34130933333336,30.543730666666665,43.15291199999999,0,0,0,0,1,0,0,0,0,0,0,0,0,0,0,0,0,1,0,0,1
org.apache.commons.dbcp2.TestDelegatingResultSet#testNext,8,2,185.1418,11.437109,16.265284,92.5709,5.7185545,8.132642,740.5672,45.748436,65.061136,0,0,0,0,1,0,0,0,0,0,0,0,0,0,0,0,0,1,0,0,0
org.apache.commons.dbcp2.TestDelegatingCallableStatement#testSetNullStringInteger,8,3,174.402496,11.419539,15.272289,58.134165333333335,3.8065130000000003,5.090763,465.0733226666667,30.452104000000002,40.726104,0,0,0,0,1,0,0,0,0,0,0,0,0,0,0,0,0,1,0,0,1
org.apache.commons.dbcp2.TestDelegatingResultSet#testUpdateBlobStringInputStreamLong,8,3,186.269394,11.451684,16.265677,62.089798,3.817228,5.421892333333333,496.718384,30.537824,43.375138666666665,0,0,0,0,1,0,0,0,0,0,0,0,0,0,0,0,0,1,0,0,1
org.apache.commons.dbcp2.TestDelegatingResultSet#testUpdateArrayStringArray,8,3,183.004196,11.423421,16.069561,61.00139866666667,3.807807,5.356520333333333,488.01118933333333,30.462456,42.852162666666665,0,0,0,0,1,0,0,0,0,0,0,0,0,0,0,0,0,1,0,0,1