"System Time","RDTSC","Elapsed Time (sec)","CPU Utilization(%)","CPU Frequency_0(MHz)","CPU Min Frequency_0(MHz)","CPU Max Frequency_0(MHz)","CPU Requsted Frequency_0(MHz)","Processor Power_0(Watt)","Cumulative Processor Energy_0(Joules)","Cumulative Processor Energy_0(mWh)","IA Power_0(Watt)","Cumulative IA Energy_0(Joules)","Cumulative IA Energy_0(mWh)","Package Temperature_0(C)","Package Hot_0","CPU Min Temperature_0(C)","CPU Max Temperature_0(C)","DRAM Power_0(Watt)","Cumulative DRAM Energy_0(Joules)","Cumulative DRAM Energy_0(mWh)","Package Power Limit_0(Watt)","GT Frequency(MHz)","GT Requsted Frequency(MHz)"
"15:11:01:267","41332532121777","   0.105","   4.954","  923","  700"," 1200","  935","   2.702","   0.284","   0.079","   0.518","   0.054","   0.015"," 69","0"," 64"," 68","  67.018","  64.000","  17.778","  28.000","    0","  300"
"15:11:01:383","41332763000685","   0.221","  18.412"," 2531","  700"," 3300"," 2806","   9.350","   1.365","   0.379","   6.171","   0.768","   0.213"," 80","0"," 64"," 81","  71.283"," 128.000","  35.556","  28.000","    0","  300"
"15:11:01:483","41332963386397","   0.321","  20.115"," 3249"," 1900"," 3300"," 3753","  13.240","   2.694","   0.748","   9.898","   1.761","   0.489"," 81","0"," 69"," 82","  76.205"," 197.000","  54.722","  28.000","    0","  300"
"15:11:01:583","41333164334083","   0.422","  19.518"," 3200"," 2100"," 3300"," 3796","  12.874","   3.989","   1.108","   9.494","   2.717","   0.755"," 74","0"," 69"," 84","  77.680"," 266.000","  73.889","  28.000","    0","  300"
"15:11:01:684","41333364792551","   0.522","  22.621"," 2552","  700"," 3300"," 2956","  10.776","   5.071","   1.409","   7.679","   3.488","   0.969"," 84","0"," 67"," 85","  74.949"," 333.000","  92.500","  28.000","    0","  300"
"15:11:01:784","41333565093829","   0.622","  31.414"," 3290"," 2500"," 3300"," 3800","  20.270","   7.104","   1.973","  16.772","   5.170","   1.436"," 86","0"," 72"," 92","  83.278"," 405.000"," 112.500","  28.000","    0","  300"
"15:11:01:885","41333766975121","   0.723","  32.675"," 3289"," 2300"," 3300"," 3799","  21.023","   9.230","   2.564","  17.251","   6.914","   1.921"," 91","0"," 75"," 92","  84.637"," 480.000"," 133.333","  28.000","    0","  300"
"15:11:01:986","41333967263403","   0.824","  32.984"," 3260"," 1100"," 3300"," 3797","  20.288","  11.265","   3.129","  16.634","   8.583","   2.384"," 93","0"," 75"," 94","  85.479"," 555.000"," 154.167","  28.000","    0","  300"
"15:11:02:086","41334167573633","   0.924","  58.644"," 3293"," 3100"," 3400"," 3800","  32.375","  14.513","   4.031","  28.197","  11.411","   3.170"," 98","0"," 89"," 98","  93.848"," 644.000"," 178.889","  28.000","    0","  300"
"15:11:02:186","41334367952765","   1.024","  40.182"," 3291"," 2400"," 3800"," 3800","  24.171","  16.938","   4.705","  20.324","  13.451","   3.736"," 93","0"," 79","100","  92.374"," 723.000"," 200.833","  28.000","    0","  300"
"15:11:02:287","41334568465017","   1.125","  26.355"," 3278"," 2000"," 3300"," 3789","  17.243","  18.670","   5.186","  13.571","  14.813","   4.115"," 88","0"," 77"," 95","  85.282"," 800.000"," 222.222","  28.000","    0","  300"
"15:11:02:387","41334768887999","   1.225","  29.973"," 3282"," 1500"," 3300"," 3799","  18.542","  20.531","   5.703","  14.904","  16.309","   4.530"," 90","0"," 75"," 95","  85.914"," 875.000"," 243.056","  28.000","    0","  300"
"15:11:02:489","41334971614353","   1.327","  36.167"," 3187","  700"," 3300"," 3800","  20.769","  22.639","   6.289","  16.926","  18.028","   5.008"," 89","0"," 77"," 93","  86.377"," 952.000"," 264.444","  28.000","    0","  300"
"15:11:02:592","41335177830469","   1.430","  46.092"," 3272"," 2300"," 3300"," 3800","  25.957","  25.320","   7.033","  21.900","  20.289","   5.636"," 94","0"," 79"," 96","  89.998","1031.000"," 286.389","  28.000","    0","  300"
"15:11:02:692","41335378095813","   1.530","  53.329"," 3292"," 2600"," 3300"," 3800","  29.978","  28.327","   7.868","  25.686","  22.866","   6.352"," 98","0"," 78","100","  93.489","1109.000"," 308.056","  28.000","    0","  300"
"15:11:02:794","41335581992027","   1.632","  60.802"," 3291"," 2400"," 3300"," 3800","  32.606","  31.656","   8.793","  28.138","  25.739","   7.150","100","0"," 87","100","  97.388","1196.000"," 332.222","  28.000","    0","  300"
"15:11:02:899","41335791661445","   1.737","  64.119"," 3275"," 2600"," 3400"," 3800","  33.145","  35.136","   9.760","  29.026","  28.787","   7.996"," 99","0"," 95","100","  99.079","1291.000"," 358.611","  28.000","    0","  300"
"15:11:03:002","41335996396817","   1.840","  69.473"," 3151","  700"," 3300"," 3800","  30.838","  38.298","  10.638","  26.540","  31.508","   8.752","100","0"," 89","100","  97.702","1380.000"," 383.333","  28.000","    0","  300"
"15:11:03:102","41336196676075","   1.940","  62.844"," 3222"," 2000"," 3300"," 3800","  31.365","  41.444","  11.512","  26.907","  34.207","   9.502"," 99","0"," 92","100","  97.694","1472.000"," 408.889","  28.000","  500","  500"
"15:11:03:202","41336396915645","   2.041","  61.248"," 3203"," 2800"," 3300"," 3800","  30.468","  44.499","  12.361","  26.152","  36.829","  10.230"," 99","0"," 94","100","  97.853","1566.000"," 435.000","  28.000","    0","  300"
"15:11:03:303","41336597163719","   2.141","  58.733"," 3215"," 3000"," 3300"," 3800","  30.556","  47.564","  13.212","  26.303","  39.467","  10.963"," 99","0"," 92","100","  97.088","1658.000"," 460.556","  28.000","    0","  300"
"15:11:03:404","41336798632703","   2.242","  66.394"," 3167"," 2300"," 3300"," 3800","  30.304","  50.621","  14.061","  25.860","  42.076","  11.688","100","0"," 87","100","  97.416","1745.000"," 484.722","  28.000","    0","  300"
"15:11:03:504","41336998902895","   2.342","  64.509"," 3182"," 2700"," 3300"," 3800","  30.471","  53.677","  14.910","  26.094","  44.693","  12.415","100","0"," 90","100","  97.311","1835.000"," 509.722","  28.000","    0","  300"
"15:11:03:608","41337206609143","   2.446","  57.998"," 3190"," 2200"," 3300"," 3800","  29.237","  56.719","  15.755","  25.142","  47.308","  13.141"," 98","0"," 89","100","  96.978","1924.000"," 534.444","  28.000","    0","  300"
"15:11:03:713","41337416550589","   2.551","  58.560"," 3221"," 2700"," 3300"," 3800","  31.097","  59.988","  16.663","  26.863","  50.133","  13.926","100","0"," 89","100","  98.194","2013.000"," 559.167","  28.000","    0","  300"
"15:11:03:817","41337624526477","   2.655","  50.491"," 3250"," 2300"," 3300"," 3800","  28.228","  62.928","  17.480","  24.044","  52.637","  14.621"," 99","0"," 85","100","  96.548","2098.000"," 582.778","  28.000","    0","  300"
"15:11:03:920","41337830891743","   2.759","  56.208"," 3224"," 3000"," 3300"," 3800","  29.851","  66.013","  18.337","  25.672","  55.290","  15.358","100","0"," 90","100","  97.424","2188.000"," 607.778","  28.000","    0","  300"
"15:11:04:024","41338038118541","   2.862","  70.911"," 3136"," 3000"," 3200"," 3800","  30.262","  69.154","  19.209","  25.973","  57.986","  16.107","100","0"," 94","100","  97.445","2282.000"," 633.889","  28.000","    0","  300"
"15:11:04:125","41338238363279","   2.963","  66.568"," 3117"," 2400"," 3200"," 3800","  29.581","  72.120","  20.033","  25.567","  60.550","  16.819","100","0"," 93","100","  97.178","2375.000"," 659.722","  28.000","    0","  300"
"15:11:04:225","41338438716751","   3.063","  67.492"," 3118"," 3000"," 3200"," 3800","  29.937","  75.124","  20.868","  25.485","  63.107","  17.530"," 99","0"," 93","100","  97.010","2468.000"," 685.556","  28.000","    0","  300"
"15:11:04:328","41338644684907","   3.166","  58.634"," 3192"," 2900"," 3300"," 3800","  29.669","  78.185","  21.718","  25.325","  65.719","  18.255"," 99","0"," 93","100","  97.430","2561.000"," 711.389","  28.000","    0","  300"
"15:11:04:429","41338846167451","   3.267","  62.141"," 3192"," 2000"," 3300"," 3800","  30.142","  81.226","  22.563","  25.885","  68.331","  18.981"," 99","0"," 90","100","  97.649","2651.000"," 736.389","  28.000","    0","  300"
"15:11:04:532","41339052750029","   3.371","  59.815"," 3138"," 2000"," 3300"," 3800","  28.469","  84.171","  23.381","  24.439","  70.859","  19.683"," 99","0"," 90","100","  96.819","2741.000"," 761.389","  28.000","    0","  300"
"15:11:04:633","41339253247163","   3.471","  54.986"," 3263"," 2200"," 3300"," 3800","  29.457","  87.129","  24.203","  24.761","  73.345","  20.374","100","0"," 88","100","  96.550","2829.000"," 785.833","  28.000","  500","  500"
"15:11:04:733","41339453693963","   3.571","  63.564"," 3200"," 3000"," 3300"," 3800","  30.288","  90.170","  25.047","  25.810","  75.936","  21.093","100","0"," 94","100","  98.106","2923.000"," 811.944","  28.000","    0","  300"
"15:11:04:833","41339654076725","   3.672","  60.842"," 3218"," 2700"," 3300"," 3800","  29.577","  93.138","  25.872","  25.159","  78.461","  21.795","100","0"," 89","100","  97.075","3012.000"," 836.667","  28.000","    0","  300"
"15:11:04:936","41339859042695","   3.774","  63.857"," 3212"," 2200"," 3300"," 3800","  30.856","  96.305","  26.751","  26.189","  81.149","  22.541","100","0"," 94","100","  98.206","3106.000"," 862.778","  28.000","    0","  300"
"15:11:05:040","41340066733907","   3.878","  71.516"," 3140"," 2200"," 3300"," 3800","  30.212","  99.448","  27.624","  25.795","  83.832","  23.287"," 99","0"," 92","100","  98.437","3198.000"," 888.333","  28.000","    0","  300"
"15:11:05:145","41340276722307","   3.983","  72.754"," 3141"," 1400"," 3300"," 3800","  29.205"," 102.519","  28.477","  24.448","  86.403","  24.001","100","0"," 90","100","  97.111","3288.000"," 913.333","  28.000","    0","  300"
"15:11:05:250","41340486112871","   4.088","  61.314"," 3173"," 3000"," 3300"," 3800","  29.343"," 105.596","  29.332","  25.002","  89.025","  24.729","100","0"," 92","100","  97.974","3380.000"," 938.889","  28.000","    0","  300"
"15:11:05:351","41340686676265","   4.189","  57.528"," 3218"," 2800"," 3300"," 3800","  30.131"," 108.622","  30.173","  25.716","  91.608","  25.447"," 99","0"," 95","100","  98.120","3475.000"," 965.278","  28.000","    0","  300"
"15:11:05:453","41340891480613","   4.291","  62.120"," 3157","  700"," 3300"," 3800","  29.414"," 111.639","  31.011","  24.857","  94.158","  26.155"," 99","0"," 87","100","  97.371","3562.000"," 989.444","  28.000","    0","  300"
"15:11:05:556","41341097796269","   4.395","  69.758"," 3122","  700"," 3300"," 3800","  29.274"," 114.664","  31.851","  24.859","  96.726","  26.868","100","0"," 89","100","  97.420","3651.000","1014.167","  28.000","    0","  300"
"15:11:05:657","41341298123297","   4.495","  69.701"," 3101"," 2300"," 3300"," 3800","  28.431"," 117.516","  32.643","  23.815","  99.115","  27.532"," 99","0"," 87","100","  96.915","3738.000","1038.333","  28.000","    0","  300"
"15:11:05:758","41341500921987","   4.597","  55.133"," 3221"," 2300"," 3300"," 3800","  29.580"," 120.520","  33.478","  25.348"," 101.690","  28.247"," 98","0"," 88","100","  98.248","3826.000","1062.778","  28.000","    0","  300"
"15:11:05:859","41341701222513","   4.697","  36.833"," 3276"," 3000"," 3400"," 3800","  23.016"," 122.829","  34.119","  19.144"," 103.610","  28.781","100","0"," 81","100","  94.881","3907.000","1085.278","  28.000","    0","  300"
"15:11:05:959","41341901695533","   4.797","  44.113"," 3292"," 3100"," 3300"," 3800","  26.881"," 125.528","  34.869","  23.078"," 105.927","  29.424"," 97","0"," 87","100","  96.577","3994.000","1109.444","  28.000","    0","  300"
"15:11:06:060","41342102247349","   4.898","  64.920"," 3180"," 2200"," 3300"," 3800","  30.536"," 128.595","  35.721","  26.224"," 108.561","  30.156","100","0"," 88","100","  97.916","4082.000","1133.889","  28.000","    0","  300"
"15:11:06:160","41342302840227","   4.998","  74.667"," 3120"," 2200"," 3300"," 3800","  28.566"," 131.464","  36.518","  24.042"," 110.976","  30.827"," 99","0"," 86","100","  96.219","4168.000","1157.778","  28.000","    0","  300"
"15:11:06:260","41342503175651","   5.098","  72.780"," 3077"," 1400"," 3300"," 3800","  27.672"," 134.240","  37.289","  23.231"," 113.307","  31.474"," 99","0"," 86","100","  96.558","4254.000","1181.667","  28.000","    0","  300"
"15:11:06:361","41342703644713","   5.199","  74.196"," 3086"," 2200"," 3300"," 3800","  28.384"," 137.090","  38.081","  23.961"," 115.712","  32.142","100","0"," 87","100","  96.703","4341.000","1205.833","  28.000","    0","  300"
"15:11:06:461","41342903890809","   5.299","  70.524"," 3061"," 2200"," 3200"," 3800","  28.035"," 139.902","  38.862","  23.620"," 118.081","  32.800"," 98","0"," 87","100","  96.607","4428.000","1230.000","  28.000","    0","  300"
"15:11:06:561","41343104081417","   5.399","  72.341"," 3094","  700"," 3300"," 3800","  29.176"," 142.827","  39.674","  24.440"," 120.531","  33.481","100","0"," 89","100","  97.169","4517.000","1254.722","  28.000","    0","  300"
"15:11:06:662","41343304729135","   5.500","  77.495"," 3052"," 2200"," 3200"," 3800","  28.303"," 145.671","  40.464","  23.331"," 122.876","  34.132","100","0"," 88","100","  96.868","4605.000","1279.167","  28.000","    0","  300"
"15:11:06:762","41343504876957","   5.600","  80.713"," 3059"," 2200"," 3300"," 3800","  27.887"," 148.466","  41.241","  23.131"," 125.194","  34.776","100","0"," 87","100","  95.998","4692.000","1303.333","  28.000","    0","  300"
"15:11:06:862","41343705066987","   5.700","  62.311"," 3090"," 2200"," 3200"," 3800","  27.412"," 151.214","  42.004","  23.111"," 127.511","  35.420","100","0"," 88","100","  96.298","4780.000","1327.778","  28.000","    0","  300"
"15:11:06:963","41343905673163","   5.801","  55.954"," 3129"," 2300"," 3200"," 3800","  27.854"," 154.012","  42.781","  23.550"," 129.877","  36.077","100","0"," 88","100","  97.056","4868.000","1352.222","  28.000","    0","  300"
"15:11:07:063","41344106047561","   5.901","  64.437"," 3064"," 2200"," 3300"," 3800","  27.646"," 156.787","  43.552","  23.215"," 132.207","  36.724","100","0"," 87","100","  96.540","4955.000","1376.389","  28.000","    0","  300"
"15:11:07:167","41344314367181","   6.006","  66.070"," 3026"," 2200"," 3300"," 3800","  26.925"," 159.596","  44.332","  22.527"," 134.557","  37.377"," 99","0"," 86","100","  95.788","5041.000","1400.278","  28.000","    0","  300"
"15:11:07:269","41344517925171","   6.107","  66.543"," 3074"," 2200"," 3300"," 3800","  27.879"," 162.438","  45.122","  23.433"," 136.946","  38.040","100","0"," 88","100","  96.692","5129.000","1424.722","  28.000","    0","  300"
"15:11:07:374","41344727027177","   6.212","  69.035"," 3025"," 2300"," 3200"," 3800","  27.169"," 165.283","  45.912","  22.742"," 139.327","  38.702","100","0"," 88","100","  96.447","5217.000","1449.167","  28.000","    0","  300"
"15:11:07:475","41344929511193","   6.314","  63.987"," 2923"," 2200"," 3100"," 3800","  25.368"," 167.855","  46.626","  21.006"," 141.457","  39.294"," 99","0"," 85","100","  95.547","5302.000","1472.778","  28.000","    0","  300"
"15:11:07:576","41345129723117","   6.414","  34.498"," 2893"," 2300"," 3300"," 3800","  17.361"," 169.596","  47.110","  13.250"," 142.786","  39.663"," 97","0"," 80","100","  91.275","5382.000","1495.000","  28.000","    0","  300"
"15:11:07:676","41345329845531","   6.514","  44.205"," 3018"," 2100"," 3300"," 3800","  21.143"," 171.715","  47.699","  17.023"," 144.492","  40.137","100","0"," 80","100","  89.976","5462.000","1517.222","  28.000","    0","  300"
"15:11:07:777","41345531509583","   6.615","  69.723"," 3099"," 2200"," 3300"," 3800","  28.978"," 174.642","  48.512","  24.592"," 146.976","  40.827"," 98","0"," 85","100","  96.179","5547.000","1540.833","  28.000","    0","  300"
"15:11:07:877","41345732331643","   6.716","  69.625"," 3009","  700"," 3300"," 3800","  29.470"," 177.605","  49.335","  24.801"," 149.470","  41.519","100","0"," 89","100","  97.679","5636.000","1565.556","  28.000","  500","  500"
"15:11:07:980","41345936168053","   6.818","  63.149"," 3142"," 1900"," 3200"," 3800","  29.306"," 180.597","  50.166","  24.842"," 152.006","  42.224"," 99","0"," 94","100","  98.284","5730.000","1591.667","  28.000","    0","  300"
"15:11:08:081","41346138392709","   6.919","  61.605"," 3114"," 2600"," 3200"," 3800","  28.276"," 183.461","  50.961","  23.857"," 154.422","  42.895","100","0"," 92","100","  97.767","5822.000","1617.222","  28.000","    0","  300"
"15:11:08:185","41346345950635","   7.023","  66.372"," 3053"," 1200"," 3300"," 3800","  27.590"," 186.328","  51.758","  22.941"," 156.806","  43.557","100","0"," 88","100","  96.803","5910.000","1641.667","  28.000","    0","  300"
"15:11:08:288","41346551958425","   7.126","  75.190"," 3087"," 2200"," 3200"," 3800","  27.552"," 189.171","  52.547","  22.948"," 159.174","  44.215"," 99","0"," 89","100","  96.917","5999.000","1666.389","  28.000","    0","  300"
"15:11:08:388","41346752453845","   7.226","  73.670"," 3078"," 2100"," 3200"," 3800","  27.763"," 191.959","  53.322","  23.310"," 161.515","  44.865"," 99","0"," 90","100","  96.690","6089.000","1691.389","  28.000","    0","  300"
"15:11:08:489","41346954131297","   7.327","  73.130"," 3076"," 1800"," 3200"," 3800","  28.320"," 194.819","  54.116","  23.976"," 163.936","  45.538","100","0"," 91","100","  97.983","6180.000","1716.667","  28.000","    0","  300"
"15:11:08:590","41347154646235","   7.428","  73.993"," 3065"," 2900"," 3100"," 3800","  28.811"," 197.712","  54.920","  24.414"," 166.388","  46.219","100","0"," 93","100","  98.238","6273.000","1742.500","  28.000","    0","  300"
"15:11:08:690","41347355036765","   7.528","  73.983"," 2957"," 2200"," 3200"," 3800","  26.469"," 200.368","  55.658","  21.999"," 168.596","  46.832","100","0"," 90","100","  97.354","6363.000","1767.500","  28.000","    0","  300"
"15:11:08:792","41347558143049","   7.630","  58.473"," 3120"," 2200"," 3300"," 3800","  26.965"," 203.111","  56.420","  22.697"," 170.904","  47.473"," 99","0"," 85","100","  97.470","6448.000","1791.111","  28.000","    0","  300"
"15:11:08:892","41347758466329","   7.730","  35.671"," 3287"," 1800"," 3300"," 3800","  22.933"," 205.412","  57.059","  18.912"," 172.801","  48.000"," 96","0"," 85","100","  94.989","6533.000","1814.722","  28.000","    0","  300"
"15:11:08:992","41347958846997","   7.831","  32.273"," 3289"," 2300"," 3300"," 3800","  20.355"," 207.454","  57.626","  16.363"," 174.444","  48.457"," 97","0"," 82","100","  92.914","6615.000","1837.500","  28.000","    0","  300"
"15:11:09:093","41348159150561","   7.931","  33.730"," 3290"," 2400"," 3300"," 3800","  21.658"," 209.627","  58.230","  17.629"," 176.212","  48.948"," 94","0"," 83","100","  92.849","6698.000","1860.556","  28.000","    0","  300"
"15:11:09:193","41348359413215","   8.031","  33.203"," 3238","  700"," 3300"," 3800","  19.842"," 211.617","  58.782","  15.831"," 177.800","  49.389"," 93","0"," 82"," 98","  91.342","6780.000","1883.333","  28.000","    0","  300"
"15:11:09:297","41348567823233","   8.136","  36.619"," 3216"," 2200"," 3300"," 3800","  21.358"," 213.846","  59.402","  17.106"," 179.585","  49.885"," 96","0"," 83"," 99","  91.865","6863.000","1906.389","  28.000","    0","  300"
"15:11:09:401","41348775166433","   8.239","  52.654"," 3116","  700"," 3300"," 3800","  24.840"," 216.425","  60.118","  20.385"," 181.702","  50.473","100","0"," 82","100","  94.245","6945.000","1929.167","  28.000","    0","  300"
"15:11:09:504","41348979923033","   8.342","  26.410"," 2550","  700"," 3300"," 3574","  13.034"," 217.762","  60.489","   9.115"," 182.636","  50.732"," 84","0"," 78","100","  87.324","7023.000","1950.833","  28.000","    0","  300"

"Total Elapsed Time (sec) = 8.341983"
"Measured RDTSC Frequency (GHz) = 1.997"

"Cumulative Package Energy_0 (Joules) = 217.761902"
"Cumulative Package Energy_0 (mWh) = 60.489417"
"Average Package Power_0 (Watt) = 26.104333"

"Cumulative IA Energy_0 (Joules) = 182.636353"
"Cumulative IA Energy_0 (mWh) = 50.732320"
"Average Package IA_0 (Watt) = 21.893638"

"Cumulative DRAM Energy_0 (Joules) = 7023.000000"
"Cumulative DRAM Energy_0 (mWh) = 1950.833333"
"Average Package DRAM_0 (Watt) = 841.886172"
