"System Time","RDTSC","Elapsed Time (sec)","CPU Utilization(%)","CPU Frequency_0(MHz)","CPU Min Frequency_0(MHz)","CPU Max Frequency_0(MHz)","CPU Requsted Frequency_0(MHz)","Processor Power_0(Watt)","Cumulative Processor Energy_0(Joules)","Cumulative Processor Energy_0(mWh)","IA Power_0(Watt)","Cumulative IA Energy_0(Joules)","Cumulative IA Energy_0(mWh)","Package Temperature_0(C)","Package Hot_0","CPU Min Temperature_0(C)","CPU Max Temperature_0(C)","DRAM Power_0(Watt)","Cumulative DRAM Energy_0(Joules)","Cumulative DRAM Energy_0(mWh)","Package Power Limit_0(Watt)","GT Frequency(MHz)","GT Requsted Frequency(MHz)"
"14:11:44:897","38642756873639","   0.103","   5.750"," 1005","  700"," 1500"," 1015","   3.065","   0.314","   0.087","   0.714","   0.073","   0.020"," 65","0"," 61"," 66","  64.265","  61.000","  16.944","  28.000","    0","  300"
"14:11:45:013","38642987410451","   0.218","  19.988"," 2671","  700"," 3300"," 2993","  10.620","   1.540","   0.428","   7.169","   0.901","   0.250"," 79","0"," 61"," 79","  69.092"," 122.000","  33.889","  28.000","    0","  300"
"14:11:45:113","38643188373605","   0.319","  23.788"," 3272","  800"," 3300"," 3800","  15.228","   3.073","   0.854","  11.916","   2.100","   0.583"," 80","0"," 68"," 81","  75.095"," 190.000","  52.778","  28.000","    0","  300"
"14:11:45:215","38643392202801","   0.421","  29.461"," 2952","  700"," 3300"," 3797","  16.400","   4.747","   1.319","  12.811","   3.408","   0.947"," 83","0"," 68"," 83","  76.262"," 258.000","  71.667","  28.000","    0","  300"
"14:11:45:316","38643592597059","   0.521","  34.205"," 3265","  700"," 3300"," 3800","  21.549","   6.910","   1.919","  18.093","   5.224","   1.451"," 86","0"," 71"," 88","  81.576"," 329.000","  91.389","  28.000","    0","  300"
"14:11:45:416","38643792990383","   0.621","  39.234"," 3272","  700"," 3300"," 3800","  23.004","   9.218","   2.561","  19.372","   7.168","   1.991"," 85","0"," 75"," 92","  84.645"," 404.000"," 112.222","  28.000","    0","  300"
"14:11:45:517","38643994465193","   0.722","  55.408"," 3151","  700"," 3300"," 3800","  26.965","  11.939","   3.316","  22.349","   9.423","   2.617"," 91","0"," 75"," 91","  85.711"," 479.000"," 133.056","  28.000","    0","  300"
"14:11:45:620","38644200938529","   0.826","  70.629"," 3293"," 3200"," 3300"," 3800","  31.702","  15.217","   4.227","  25.749","  12.085","   3.357"," 92","0"," 85"," 95","  90.533"," 564.000"," 156.667","  28.000","    0","  300"
"14:11:45:724","38644408925115","   0.930","  48.156"," 3067","  700"," 3300"," 3800","  24.535","  17.773","   4.937","  20.168","  14.186","   3.941"," 88","0"," 78"," 94","  88.321"," 642.000"," 178.333","  28.000","    0","  300"
"14:11:45:827","38644613963361","   1.033","  48.326"," 2903","  700"," 3300"," 3800","  22.452","  20.078","   5.577","  18.550","  16.091","   4.470"," 89","0"," 76"," 90","  84.968"," 718.000"," 199.444","  28.000","    0","  300"
"14:11:45:932","38644822304603","   1.137","  52.435"," 3020","  700"," 3300"," 3800","  24.081","  22.591","   6.275","  19.134","  18.087","   5.024"," 85","0"," 79"," 92","  85.652"," 797.000"," 221.389","  28.000","    0","  300"
"14:11:46:034","38645026589753","   1.239","  51.896"," 3094","  700"," 3300"," 3800","  25.054","  25.154","   6.987","  19.905","  20.123","   5.590"," 90","0"," 78"," 92","  85.252"," 875.000"," 243.056","  28.000","    0","  300"
"14:11:46:136","38645230184009","   1.341","  54.464"," 3291"," 2600"," 3300"," 3800","  27.532","  27.961","   7.767","  21.776","  22.344","   6.207"," 92","0"," 78"," 93","  88.106"," 953.000"," 264.722","  28.000","  500","  500"
"14:11:46:237","38645431946447","   1.442","  63.352"," 3291"," 1900"," 3300"," 3800","  31.053","  31.099","   8.639","  25.977","  24.969","   6.936"," 93","0"," 86"," 98","  92.663","1039.000"," 288.611","  28.000","    0","  300"
"14:11:46:341","38645639330107","   1.546","  59.044"," 3291"," 2800"," 3300"," 3800","  29.826","  34.196","   9.499","  24.095","  27.471","   7.631"," 94","0"," 84"," 95","  91.265","1123.000"," 311.944","  28.000","    0","  300"
"14:11:46:443","38645843044737","   1.648","  62.915"," 3293"," 3100"," 3300"," 3800","  31.108","  37.370","  10.381","  25.393","  30.062","   8.350"," 94","0"," 86"," 97","  93.337","1209.000"," 335.833","  28.000","  500","  500"
"14:11:46:545","38646047229663","   1.750","  70.988"," 3293"," 2900"," 3300"," 3800","  32.876","  40.732","  11.314","  26.631","  32.785","   9.107"," 98","0"," 91"," 98","  94.421","1300.000"," 361.111","  28.000","    0","  300"
"14:11:46:645","38646247568941","   1.851","  65.099"," 3292"," 2900"," 3300"," 3800","  32.232","  43.966","  12.213","  26.695","  35.463","   9.851"," 96","0"," 89","100","  95.895","1389.000"," 385.833","  28.000","    0","  300"
"14:11:46:749","38646455221535","   1.955","  59.865"," 3292"," 2100"," 3300"," 3800","  30.937","  47.183","  13.106","  25.768","  38.143","  10.595","100","0"," 85","100","  94.589","1474.000"," 409.444","  28.000","    0","  300"
"14:11:46:853","38646663332585","   2.059","  61.821"," 3293"," 2900"," 3300"," 3800","  31.143","  50.429","  14.008","  25.064","  40.755","  11.321"," 96","0"," 88","100","  94.517","1562.000"," 433.889","  28.000","    0","  300"
"14:11:46:957","38646870588319","   2.163","  57.255"," 3273"," 2300"," 3300"," 3800","  29.932","  53.535","  14.871","  24.822","  43.331","  12.037"," 96","0"," 84"," 97","  93.486","1646.000"," 457.222","  28.000","    0","  300"
"14:11:47:061","38647078340417","   2.267","  69.492"," 3286","  800"," 3300"," 3800","  30.205","  56.678","  15.744","  24.616","  45.893","  12.748"," 96","0"," 83"," 98","  93.884","1729.000"," 480.278","  28.000","  500","  500"
"14:11:47:164","38647283078515","   2.369","  86.923"," 3217","  700"," 3300"," 3800","  33.503","  60.113","  16.698","  27.207","  48.682","  13.523"," 98","0"," 91","100","  95.659","1820.000"," 505.556","  28.000","    0","  300"
"14:11:47:268","38647490595513","   2.473","  83.230"," 3269","  700"," 3300"," 3800","  33.621","  63.607","  17.669","  27.278","  51.517","  14.310"," 97","0"," 92","100","  96.681","1912.000"," 531.111","  28.000","    0","  300"
"14:11:47:369","38647692507221","   2.574","  64.480"," 3291","  900"," 3300"," 3800","  31.662","  66.809","  18.558","  25.490","  54.095","  15.026"," 95","0"," 91"," 99","  95.562","2003.000"," 556.389","  28.000","    0","  300"
"14:11:47:473","38647899568029","   2.678","  46.625"," 3286","  800"," 3300"," 3800","  28.102","  69.723","  19.367","  23.696","  56.552","  15.709"," 99","0"," 84"," 99","  94.196","2087.000"," 579.722","  28.000","    0","  300"
"14:11:47:575","38648104511809","   2.781","  66.002"," 3292"," 2500"," 3300"," 3800","  31.743","  72.981","  20.272","  26.765","  59.299","  16.472"," 95","0"," 84","100","  96.137","2171.000"," 603.056","  28.000","    0","  300"
"14:11:47:678","38648308959735","   2.883","  80.103"," 3293"," 3000"," 3300"," 3800","  34.373","  76.500","  21.250","  28.437","  62.210","  17.281","100","0"," 93","100","  97.668","2264.000"," 628.889","  28.000","  500","  500"
"14:11:47:778","38648509547791","   2.983","  81.166"," 3250"," 3000"," 3300"," 3800","  33.560","  79.871","  22.186","  27.936","  65.017","  18.060"," 99","0"," 93","100","  98.118","2357.000"," 654.722","  28.000","    0","  300"
"14:11:47:878","38648709692397","   3.084","  76.214"," 3179"," 3000"," 3300"," 3800","  31.397","  83.018","  23.061","  26.884","  67.711","  18.809","100","0"," 93","100","  96.972","2450.000"," 680.556","  28.000","    0","  300"
"14:11:47:983","38648918596393","   3.188","  68.259"," 3253"," 3100"," 3300"," 3800","  32.495","  86.418","  24.005","  27.748","  70.614","  19.615","100","0"," 93","100","  97.711","2543.000"," 706.389","  28.000","    0","  300"
"14:11:48:083","38649118798591","   3.289","  59.536"," 3259","  700"," 3300"," 3800","  31.016","  89.528","  24.869","  26.374","  73.259","  20.350","100","0"," 91","100","  96.808","2634.000"," 731.667","  28.000","    0","  300"
"14:11:48:184","38649319840225","   3.389","  48.974"," 3291"," 2300"," 3300"," 3800","  30.051","  92.553","  25.709","  25.709","  75.847","  21.069"," 96","0"," 85","100","  96.669","2719.000"," 755.278","  28.000","    0","  300"
"14:11:48:284","38649520163765","   3.490","  50.231"," 3288","  700"," 3300"," 3800","  29.236","  95.486","  26.524","  25.218","  78.377","  21.771","100","0"," 86","100","  95.256","2805.000"," 779.167","  28.000","    0","  300"
"14:11:48:389","38649728508523","   3.594","  39.191"," 3264"," 2200"," 3300"," 3800","  23.135","  97.900","  27.195","  19.529","  80.415","  22.337"," 94","0"," 80","100","  93.055","2885.000"," 801.389","  28.000","    0","  300"
"14:11:48:493","38649936499999","   3.698","  58.007"," 3287"," 1700"," 3300"," 3800","  28.027"," 100.820","  28.005","  22.238","  82.731","  22.981"," 96","0"," 81"," 98","  91.628","2966.000"," 823.889","  28.000","    0","  300"
"14:11:48:595","38650140833571","   3.800","  72.843"," 3292"," 3000"," 3300"," 3800","  32.211"," 104.116","  28.921","  26.025","  85.394","  23.721"," 96","0"," 91","100","  95.359","3057.000"," 849.167","  28.000","    0","  300"
"14:11:48:699","38650349202043","   3.905","  56.821"," 3293"," 3100"," 3300"," 3800","  29.772"," 107.223","  29.784","  24.102","  87.909","  24.419"," 96","0"," 83"," 99","  94.404","3140.000"," 872.222","  28.000","    0","  300"
"14:11:48:801","38650551959047","   4.006","  62.806"," 3293"," 3200"," 3300"," 3800","  30.989"," 110.369","  30.658","  25.030","  90.451","  25.125"," 96","0"," 89"," 98","  94.509","3229.000"," 896.944","  28.000","  500","  500"
"14:11:48:901","38650752526621","   4.107","  68.903"," 3293"," 3200"," 3300"," 3800","  31.724"," 113.556","  31.543","  25.886","  93.051","  25.848","100","0"," 92","100","  95.951","3321.000"," 922.500","  28.000","  500","  500"
"14:11:49:007","38650962696431","   4.212","  68.137"," 3292"," 2600"," 3300"," 3800","  31.682"," 116.890","  32.470","  25.535","  95.739","  26.594"," 99","0"," 90","100","  96.708","3411.000"," 947.500","  28.000","    0","  300"
"14:11:49:110","38651169290397","   4.315","  53.635"," 3291"," 2400"," 3300"," 3800","  28.994"," 119.890","  33.303","  23.766","  98.198","  27.277"," 96","0"," 86","100","  95.278","3497.000"," 971.389","  28.000","    0","  300"
"14:11:49:214","38651376094449","   4.419","  51.478"," 3291"," 2000"," 3300"," 3800","  29.287"," 122.923","  34.145","  24.643"," 100.750","  27.986","100","0"," 85","100","  95.398","3582.000"," 995.000","  28.000","    0","  300"
"14:11:49:315","38651579050997","   4.521","  48.728"," 3292"," 2600"," 3300"," 3800","  28.298"," 125.800","  34.944","  23.795"," 103.168","  28.658"," 96","0"," 86","100","  94.867","3668.000","1018.889","  28.000","    0","  300"
"14:11:49:416","38651779246865","   4.621","  47.630"," 3272","  700"," 3300"," 3800","  28.045"," 128.611","  35.725","  23.865"," 105.561","  29.323"," 99","0"," 84","100","  94.806","3752.000","1042.222","  28.000","    0","  300"
"14:11:49:516","38651979368239","   4.721","  48.933"," 2990","  700"," 3300"," 3800","  26.877"," 131.305","  36.474","  22.732"," 107.839","  29.955"," 96","0"," 84","100","  93.851","3836.000","1065.556","  28.000","    0","  300"
"14:11:49:616","38652179718057","   4.821","  43.013"," 3283"," 1000"," 3300"," 3800","  26.330"," 133.947","  37.207","  22.402"," 110.087","  30.580"," 97","0"," 84"," 99","  93.915","3920.000","1088.889","  28.000","    0","  300"
"14:11:49:717","38652382058913","   4.923","  48.223"," 3287"," 1100"," 3300"," 3800","  28.538"," 136.839","  38.011","  24.493"," 112.569","  31.269"," 94","0"," 87","100","  95.420","4007.000","1113.056","  28.000","    0","  300"
"14:11:49:822","38652591857843","   5.028","  47.962"," 3290"," 2300"," 3300"," 3800","  29.003"," 139.886","  38.857","  24.996"," 115.195","  31.999"," 99","0"," 85","100","  95.064","4092.000","1136.667","  28.000","    0","  300"
"14:11:49:926","38652798692667","   5.131","  52.714"," 3254"," 2200"," 3300"," 3800","  28.777"," 142.867","  39.685","  24.432"," 117.726","  32.702","100","0"," 83","100","  94.943","4175.000","1159.722","  28.000","    0","  300"
"14:11:50:028","38653001421287","   5.233","  54.418"," 3292"," 2700"," 3300"," 3800","  30.419"," 145.955","  40.543","  25.959"," 120.361","  33.434"," 99","0"," 88","100","  96.520","4263.000","1184.167","  28.000","    0","  300"
"14:11:50:133","38653210993889","   5.338","  47.908"," 3293"," 3200"," 3300"," 3800","  28.487"," 148.945","  41.374","  24.163"," 122.897","  34.138"," 97","0"," 87","100","  95.999","4350.000","1208.333","  28.000","    0","  300"
"14:11:50:233","38653411369555","   5.438","  46.160"," 3290"," 2100"," 3300"," 3800","  27.893"," 151.744","  42.151","  23.273"," 125.233","  34.787"," 97","0"," 85","100","  94.815","4435.000","1231.944","  28.000","    0","  300"
"14:11:50:334","38653612679633","   5.539","  53.019"," 3293"," 3000"," 3300"," 3800","  30.055"," 154.774","  42.993","  25.353"," 127.789","  35.497"," 99","0"," 87","100","  96.341","4522.000","1256.111","  28.000","    0","  300"
"14:11:50:436","38653817175777","   5.641","  52.753"," 3237","  700"," 3300"," 3800","  30.367"," 157.884","  43.857","  25.195"," 130.369","  36.214","100","0"," 85","100","  96.960","4607.000","1279.722","  28.000","  500","  500"
"14:11:50:540","38654023910737","   5.745","  56.987"," 3292"," 2800"," 3300"," 3800","  33.304"," 161.332","  44.814","  25.077"," 132.965","  36.935","100","0"," 91","100","  97.819","4698.000","1305.000","  28.000","    0","  300"
"14:11:50:643","38654229623783","   5.848","  45.505"," 3261","  700"," 3300"," 3800","  28.244"," 164.242","  45.623","  23.004"," 135.335","  37.593","100","0"," 84","100","  97.649","4782.000","1328.333","  28.000","    0","  300"
"14:11:50:743","38654429745719","   5.948","  40.333"," 3245"," 1600"," 3300"," 3800","  25.843"," 166.832","  46.342","  21.971"," 137.537","  38.205"," 99","0"," 82","100","  96.095","4864.000","1351.111","  28.000","    0","  300"
"14:11:50:848","38654638994587","   6.053","  43.471"," 3231"," 1000"," 3300"," 3800","  26.433"," 169.602","  47.112","  22.386"," 139.883","  38.856","100","0"," 84","100","  95.280","4948.000","1374.444","  28.000","    0","  300"
"14:11:50:949","38654841022925","   6.154","  30.773"," 3283"," 2300"," 3300"," 3800","  20.485"," 171.674","  47.687","  15.818"," 141.484","  39.301"," 87","0"," 80","100","  90.450","5028.000","1396.667","  28.000","    0","  300"
"14:11:51:050","38655043608477","   6.256","  31.081"," 3250"," 2100"," 3300"," 3800","  20.559"," 173.760","  48.267","  15.506"," 143.057","  39.738"," 93","0"," 79"," 97","  87.154","5107.000","1418.611","  28.000","  500","  500"
"14:11:51:151","38655243897475","   6.356","  58.837"," 3291"," 2600"," 3300"," 3800","  30.458"," 176.815","  49.115","  25.009"," 145.565","  40.435"," 99","0"," 83"," 99","  94.083","5190.000","1441.667","  28.000","    0","  300"
"14:11:51:251","38655444398409","   6.456","  43.738"," 3290"," 2300"," 3300"," 3800","  27.340"," 179.560","  49.878","  22.821"," 147.857","  41.071"," 97","0"," 85","100","  94.827","5275.000","1465.278","  28.000","    0","  300"
"14:11:51:355","38655651757617","   6.560","  56.163"," 3228","  700"," 3300"," 3800","  30.083"," 182.684","  50.746","  25.424"," 150.497","  41.805"," 99","0"," 84","100","  96.332","5359.000","1488.611","  28.000","    0","  300"
"14:11:51:459","38655860409637","   6.665","  48.857"," 3287","  700"," 3300"," 3800","  28.729"," 185.686","  51.580","  24.306"," 153.037","  42.510"," 98","0"," 85","100","  96.315","5444.000","1512.222","  28.000","  500","  500"
"14:11:51:565","38656070404039","   6.770","  71.690"," 3072","  700"," 3300"," 3800","  29.780"," 188.818","  52.450","  25.312"," 155.699","  43.250"," 97","0"," 87","100","  97.202","5531.000","1536.389","  28.000","    0","  300"
"14:11:51:668","38656277247829","   6.873","  32.055"," 3283"," 1100"," 3300"," 3800","  20.851"," 190.978","  53.049","  16.981"," 157.458","  43.738"," 93","0"," 81","100","  92.953","5612.000","1558.889","  28.000","    0","  300"
"14:11:51:769","38656478104207","   6.974","  33.042"," 3233"," 1500"," 3300"," 3799","  20.482"," 193.038","  53.622","  16.754"," 159.143","  44.206"," 96","0"," 81"," 96","  89.199","5693.000","1581.389","  28.000","    0","  300"
"14:11:51:870","38656680373237","   7.075","  38.398"," 3273","  700"," 3300"," 3800","  24.407"," 195.511","  54.309","  20.664"," 161.236","  44.788"," 94","0"," 82"," 98","  92.192","5775.000","1604.167","  28.000","    0","  300"
"14:11:51:970","38656880617179","   7.176","  36.973"," 3288"," 2200"," 3300"," 3800","  23.673"," 197.885","  54.968","  19.838"," 163.225","  45.340"," 94","0"," 80"," 98","  91.889","5855.000","1626.389","  28.000","    0","  300"
"14:11:52:071","38657081522369","   7.276","  35.746"," 3292"," 2800"," 3300"," 3800","  22.314"," 200.130","  55.592","  18.400"," 165.077","  45.855"," 95","0"," 80"," 98","  91.899","5935.000","1648.611","  28.000","    0","  300"
"14:11:52:175","38657289426101","   7.380","  42.184"," 3172"," 2200"," 3300"," 3800","  22.932"," 202.518","  56.255","  18.784"," 167.033","  46.398"," 93","0"," 80"," 96","  90.091","6015.000","1670.833","  28.000","    0","  300"
"14:11:52:275","38657490073755","   7.481","  37.541"," 3274"," 2300"," 3300"," 3800","  22.169"," 204.745","  56.874","  18.114"," 168.853","  46.904"," 92","0"," 81"," 96","  90.373","6096.000","1693.333","  28.000","    0","  300"
"14:11:52:376","38657690231017","   7.581","  33.114"," 3283"," 1900"," 3300"," 3800","  20.768"," 206.827","  57.452","  16.892"," 170.546","  47.374"," 90","0"," 80"," 96","  89.642","6176.000","1715.556","  28.000","    0","  300"
"14:11:52:478","38657894362551","   7.683","  39.758"," 3289"," 2500"," 3300"," 3800","  24.135"," 209.294","  58.137","  19.627"," 172.552","  47.931"," 94","0"," 79"," 97","  90.293","6255.000","1737.500","  28.000","  500","  500"
"14:11:52:581","38658099409023","   7.786","  41.242"," 3268"," 1200"," 3300"," 3800","  24.128"," 211.772","  58.826","  19.676"," 174.573","  48.492"," 93","0"," 81"," 98","  92.071","6336.000","1760.000","  28.000","    0","  300"
"14:11:52:682","38658302650851","   7.888","  10.527"," 2688","  700"," 3300"," 3030","   7.402"," 212.525","  59.035","   4.010"," 174.981","  48.606"," 74","0"," 72"," 93","  83.411","6408.000","1780.000","  28.000","    0","  300"

"Total Elapsed Time (sec) = 7.887796"
"Measured RDTSC Frequency (GHz) = 1.997"

"Cumulative Package Energy_0 (Joules) = 212.525330"
"Cumulative Package Energy_0 (mWh) = 59.034814"
"Average Package Power_0 (Watt) = 26.943562"

"Cumulative IA Energy_0 (Joules) = 174.981018"
"Cumulative IA Energy_0 (mWh) = 48.605838"
"Average Package IA_0 (Watt) = 22.183765"

"Cumulative DRAM Energy_0 (Joules) = 6408.000000"
"Cumulative DRAM Energy_0 (mWh) = 1780.000000"
"Average Package DRAM_0 (Watt) = 812.394194"
